	1	1	0	17	170	266	314	363	482	541	613	686	746	830	878	949	1022	1104	1190	1238	1334	1392
	1	1	1	16	170	337	386	507	612	661	734	830	890	914	1046	1082	1188	1237	1286	1334	1404
	1	1	2	20	170	230	266	362	409	482	517	578	660	710	758	842	878	925	998	1058	1093	1155	1202	1286	1357
	1	1	3	4	170	266	302	326	417
	2	1	0	13	170	241	302	384	433	530	662	758	889	938	1058	1105	1250	1369
	2	1	1	17	170	266	362	410	529	590	626	674	734	769	890	926	986	1082	1118	1238	1322	1393
	2	1	2	17	170	266	350	410	458	575	614	698	722	781	818	865	1010	1104	1166	1238	1309	1380
	2	1	3	12	170	303	326	409	470	506	578	637	686	734	878	915	1029
	3	1	0	16	170	217	290	350	506	590	686	733	818	878	926	986	1022	1046	1166	1274	1345
	3	1	1	17	170	313	362	422	494	614	662	733	806	924	974	1034	1082	1143	1214	1274	1322	1394
	3	1	2	17	170	242	302	338	445	506	531	650	686	757	794	941	1021	1082	1142	1202	1273	1405
	3	1	3	8	170	230	362	421	492	566	626	722	885
	4	1	0	19	170	253	301	338	362	410	504	554	601	649	734	781	901	1009	1046	1094	1200	1250	1298	1381
	4	1	1	17	170	266	327	395	458	483	566	638	674	722	804	842	926	1010	1152	1202	1298	1368
	4	1	2	21	170	253	303	338	434	458	541	613	662	698	757	818	854	902	999	1046	1070	1164	1214	1250	1347	1405
	4	1	3	1	170	309
	5	1	0	17	170	252	349	458	505	566	602	649	744	781	830	939	1056	1106	1190	1248	1298	1368
	5	1	1	19	170	265	313	421	482	564	626	686	794	866	914	996	1033	1070	1166	1202	1249	1309	1358	1417
	5	1	2	20	170	253	326	408	458	505	554	602	686	756	806	866	914	950	998	1034	1082	1178	1237	1322	1381
	5	1	3	1	170	273
	6	1	0	16	170	277	350	435	553	614	663	758	806	853	914	998	1092	1130	1213	1274	1344
	6	1	1	19	170	302	338	398	494	554	602	659	697	746	794	855	914	962	1081	1129	1226	1274	1332	1405
	6	1	2	17	170	229	351	446	494	566	626	686	805	878	914	998	1056	1082	1165	1226	1263	1381
	6	1	3	5	170	254	290	326	374	453
	7	1	0	15	170	290	374	444	494	578	662	710	831	878	938	1046	1164	1214	1345	1416
	7	1	1	18	170	300	398	445	554	590	637	699	769	830	902	998	1046	1070	1119	1202	1250	1332	1405
	7	1	2	18	170	242	350	398	446	578	638	710	758	806	866	936	974	1082	1130	1178	1238	1298	1413
	7	1	3	6	170	278	326	410	458	506	597
	8	1	0	16	170	242	314	375	422	530	591	614	687	758	794	948	1082	1142	1189	1274	1332
	8	1	1	15	170	290	325	434	551	615	733	831	901	962	1034	1130	1165	1238	1322	1405
	8	1	2	13	170	242	302	398	518	626	746	866	983	1046	1093	1154	1250	1405
	8	1	3	13	170	242	326	446	506	590	660	722	854	902	962	1046	1093	1233
	9	1	0	15	170	229	278	302	434	564	614	650	709	770	817	973	1106	1236	1286	1345
	9	1	1	15	170	290	338	540	602	650	771	854	890	950	1007	1046	1178	1226	1286	1369
	9	1	2	19	170	266	314	350	398	434	470	579	638	732	781	901	938	998	1082	1118	1200	1250	1346	1405
	9	1	3	6	170	230	266	290	398	518	657
	10	1	0	19	170	219	339	446	482	540	602	662	698	734	782	866	889	927	974	1010	1058	1178	1250	1341
	10	1	1	21	170	289	336	444	506	529	591	650	698	758	794	878	914	962	1022	1058	1106	1188	1238	1274	1309	1370
	10	1	2	15	170	302	399	446	530	590	613	662	722	806	890	926	962	1010	1094	1200
	11	1	0	15	170	266	301	361	410	446	493	601	756	890	926	949	1046	1131	1250	1309
	11	1	1	16	170	348	386	433	494	566	650	710	771	853	938	1034	1082	1154	1274	1335	1404
	11	1	2	17	170	302	408	458	506	541	637	686	734	806	842	891	974	1070	1118	1166	1273	1356
	11	1	3	6	170	313	350	482	518	626	849
	12	1	0	17	170	253	338	419	518	602	651	746	891	926	998	1046	1105	1142	1190	1261	1322	1369
	12	1	1	17	170	254	290	419	457	542	602	649	710	757	807	854	926	961	1071	1118	1202	1321
	12	1	2	18	170	300	349	410	446	542	695	733	818	853	914	950	998	1058	1093	1201	1238	1285	1393
	12	1	3	1	170	297
	13	1	0	17	170	241	336	386	470	518	578	651	733	794	866	962	1080	1142	1202	1322	1358	1405
	13	1	1	20	170	294	337	410	481	566	638	674	734	758	817	878	927	974	1046	1082	1118	1178	1214	1322	1380
	13	1	2	16	170	264	399	481	518	671	711	758	852	902	996	1046	1068	1142	1178	1262	1365
	14	1	0	15	170	254	350	422	516	578	650	734	782	878	950	1046	1083	1129	1261	1381
	14	1	1	18	170	324	446	494	577	662	698	758	794	818	902	950	1010	1068	1106	1200	1226	1299	1404
	14	1	2	18	170	302	337	410	494	566	602	722	842	890	986	1022	1058	1094	1166	1214	1274	1322	1393
	14	1	3	2	170	242	381
	15	1	0	16	170	253	372	506	530	578	673	711	757	911	986	1021	1130	1226	1286	1370	1417
	15	1	1	17	170	302	361	431	482	578	638	673	721	830	878	902	974	1058	1119	1154	1262	1332
	15	1	2	15	170	299	409	458	566	627	662	734	758	866	927	974	1106	1226	1262	1382
	15	1	3	5	170	278	302	422	494	585
	16	1	0	17	170	267	434	470	566	602	650	722	758	853	925	962	1010	1092	1142	1178	1322	1393
	16	1	1	12	170	327	434	482	614	769	830	962	1092	1141	1213	1250	1393
	16	1	2	19	170	230	302	338	362	456	602	708	758	842	902	951	1010	1045	1142	1190	1226	1274	1346	1405
	16	1	3	3	170	254	302	465
	17	1	0	17	170	253	301	362	470	530	613	710	734	818	878	914	975	1094	1131	1178	1262	1365
	17	1	1	15	170	278	338	395	470	554	602	699	734	816	914	996	1058	1118	1177	1308
	17	1	2	18	170	324	374	446	518	578	637	674	722	782	830	912	1010	1071	1166	1189	1250	1322	1381
	17	1	3	1	170	309
	18	1	0	21	170	254	290	338	398	492	542	590	662	710	758	827	855	903	975	1046	1106	1202	1250	1321	1358	1405
	18	1	1	19	170	277	374	410	458	518	554	590	720	758	865	926	997	1094	1130	1178	1238	1273	1334	1393
	18	1	2	11	170	229	324	374	470	517	602	758	806	903	950	1101
	19	1	0	13	170	372	422	530	637	770	829	926	962	1094	1130	1178	1250	1356
	19	1	1	16	170	266	326	445	506	602	685	792	830	914	1047	1130	1178	1263	1298	1334	1417
	19	1	2	15	170	230	360	470	554	614	709	770	819	938	1034	1105	1225	1286	1358	1416
	19	1	3	7	170	276	384	422	506	543	603	777
	20	1	0	21	170	254	302	350	409	456	506	541	601	637	698	734	781	852	937	1009	1046	1092	1129	1178	1202	1356
	20	1	1	16	170	264	385	446	602	744	793	842	889	951	1010	1115	1154	1178	1274	1334	1417
	20	1	2	12	170	290	338	410	494	552	625	685	768	818	937	986	1089
	21	1	0	15	170	265	336	493	529	650	686	758	794	830	949	998	1105	1223	1334	1404
	21	1	1	16	170	290	338	410	518	624	674	723	758	806	902	938	1022	1119	1154	1179	1321
	21	1	2	17	170	313	350	410	470	506	554	614	771	866	913	1010	1046	1130	1238	1273	1311	1393
	21	1	3	1	170	333
	22	1	0	20	170	242	303	374	434	482	518	564	638	698	758	889	984	1034	1070	1129	1178	1225	1286	1346	1405
	22	1	1	14	170	266	422	482	542	602	675	816	865	962	1070	1164	1214	1275	1405
	22	1	2	14	170	241	360	423	506	590	651	698	770	818	889	926	974	1046	1149
	23	1	0	18	170	254	278	374	422	470	506	553	638	722	758	854	938	1022	1058	1118	1236	1286	1392
	23	1	1	16	170	242	314	349	410	470	530	602	650	722	854	914	962	1094	1224	1322	1369
	23	1	2	14	170	254	350	434	494	553	613	698	746	830	926	1022	1082	1118	1269
	24	1	0	16	170	277	386	446	470	530	590	662	746	807	926	974	1046	1166	1226	1311	1381
	24	1	1	20	170	242	314	349	410	446	506	553	648	711	770	830	890	938	962	1011	1094	1155	1201	1263	1357
	24	1	2	12	170	266	302	422	554	613	698	782	866	962	1034	1129	1233
	25	1	0	15	170	242	326	385	446	507	638	698	794	854	948	1046	1094	1214	1250	1357
	25	1	1	14	170	290	326	373	446	531	602	662	734	783	960	1119	1200	1261	1357
	25	1	2	16	170	288	338	410	530	591	698	770	806	830	902	950	1056	1106	1142	1262	1331
	25	1	3	3	170	302	349	477
	26	1	0	17	170	230	303	361	422	458	494	554	614	662	770	877	938	986	1117	1189	1298	1417
	26	1	1	16	170	241	289	350	398	467	542	650	674	794	902	1021	1130	1166	1263	1346	1405
	26	1	2	11	170	314	363	530	590	662	722	783	854	1034	1142	1305
	26	1	3	2	170	314	405
	27	1	0	16	170	255	360	410	470	530	648	686	734	842	903	1010	1127	1165	1227	1358	1405
	27	1	1	18	170	266	302	349	432	566	590	686	794	854	890	937	998	1069	1106	1191	1226	1346	1393
	27	1	2	12	170	302	411	446	554	686	757	804	854	890	986	1046	1149
	28	1	0	15	170	218	277	325	422	470	602	662	794	890	961	1010	1057	1118	1190	1353
	28	1	1	17	170	279	339	444	588	626	696	733	781	878	938	1022	1082	1166	1238	1274	1321	1394
	28	1	2	14	170	314	362	434	542	577	650	698	770	842	890	962	1070	1106	1233
	29	1	0	13	170	254	326	445	578	662	756	806	914	1022	1142	1190	1310	1394
	29	1	1	12	170	242	338	374	470	567	696	876	926	1116	1178	1226	1368
	29	1	2	16	170	266	313	421	554	590	650	758	794	829	878	963	1046	1082	1178	1274	1345
	29	1	3	4	170	338	375	446	573
	30	1	0	16	170	265	373	423	470	615	674	710	770	853	926	1008	1046	1155	1260	1286	1358
	30	1	1	17	170	278	351	468	518	554	602	674	723	841	878	925	998	1046	1142	1274	1310	1357
	30	1	2	11	170	290	350	481	542	614	734	842	878	986	1034	1149
	31	1	0	17	170	254	374	410	482	530	566	638	711	780	842	950	1069	1129	1166	1238	1298	1381
	31	1	1	16	170	278	314	361	471	551	625	698	758	819	879	926	1082	1118	1188	1262	1404
	31	1	2	11	170	279	338	408	446	506	567	627	674	758	854	945
	32	1	0	16	170	230	266	386	467	566	614	674	794	842	914	986	1070	1118	1166	1237	1332
	32	1	1	17	170	326	373	446	494	530	671	710	831	912	961	1009	1142	1189	1237	1274	1322	1406
	32	1	2	10	170	278	314	362	434	519	554	589	722	758	933
	33	1	0	17	170	254	372	398	494	590	734	770	806	866	960	1022	1070	1130	1178	1251	1274	1392
	33	1	1	19	170	276	337	409	470	494	566	638	662	758	866	902	949	1020	1070	1130	1178	1214	1309	1393
	33	1	2	7	170	265	336	410	468	506	614	693
	34	1	0	16	170	254	337	434	529	578	698	816	866	950	1010	1070	1118	1249	1297	1346	1405
	34	1	1	12	170	314	350	433	566	602	722	842	949	997	1082	1214	1332
	34	1	2	13	170	302	338	444	505	601	687	723	806	914	986	1058	1177	1341
	35	1	0	16	170	242	373	434	458	531	626	675	710	770	817	926	1044	1141	1202	1287	1380
	35	1	1	19	170	254	290	386	447	494	566	638	735	828	865	914	962	1022	1070	1154	1191	1238	1334	1405
	35	1	2	6	170	290	372	494	542	674	837
	36	1	0	17	170	254	373	434	470	530	566	672	710	770	842	914	996	1046	1166	1250	1285	1381
	36	1	1	19	170	242	278	302	374	410	481	506	602	662	722	746	818	950	1046	1105	1166	1227	1274	1356
	36	1	2	4	170	314	398	445	549
	37	1	0	19	170	253	362	434	518	554	602	638	731	769	817	926	962	1009	1079	1142	1166	1262	1298	1381
	37	1	1	19	170	242	267	338	374	446	529	590	637	770	818	877	986	1021	1118	1166	1202	1262	1298	1356
	37	1	2	1	170	321
	38	1	0	15	170	242	302	349	422	470	505	565	626	673	794	902	1034	1142	1274	1357
	38	1	1	18	170	278	326	456	494	530	590	638	686	722	818	855	950	1070	1142	1238	1273	1334	1392
	38	1	2	7	170	255	312	362	458	507	543	645
	39	1	0	16	170	277	373	434	566	627	650	782	890	962	1021	1082	1106	1155	1212	1274	1368
	39	1	1	14	170	290	411	480	518	565	698	758	876	926	998	1092	1202	1250	1322
	39	1	2	11	170	350	409	480	530	578	626	782	877	974	1119	1233
	40	1	0	20	170	277	314	410	470	530	590	614	722	795	842	879	950	1022	1106	1142	1201	1238	1286	1310	1393
	40	1	1	16	170	230	253	326	396	482	542	626	686	710	818	914	950	998	1106	1211	1381
	40	1	2	10	170	253	338	398	482	543	591	638	745	793	885
	41	1	0	17	170	302	398	458	482	542	651	722	770	854	901	974	1070	1118	1154	1202	1298	1405
	41	1	1	17	170	230	302	350	398	458	506	565	710	828	877	962	998	1058	1106	1250	1310	1381
	41	1	2	12	170	242	350	386	518	578	638	685	746	854	890	949	1089
	42	1	0	18	170	266	338	410	446	481	541	625	662	746	806	842	890	974	1092	1191	1296	1334	1404
	42	1	1	13	170	314	444	494	554	590	722	795	866	914	1058	1201	1238	1356
	42	1	2	16	170	339	422	458	519	590	626	698	828	890	950	986	1058	1082	1189	1250	1353
	43	1	0	16	170	277	421	482	542	566	686	746	840	938	963	1023	1058	1166	1202	1250	1369
	43	1	1	15	170	266	350	434	506	554	626	662	698	806	935	1044	1154	1262	1285	1394
	43	1	2	17	170	230	326	350	410	446	470	576	673	710	794	878	915	974	1020	1118	1154	1305
	44	1	0	20	170	241	314	374	410	446	518	554	662	710	807	842	890	986	1022	1058	1119	1178	1250	1298	1405
	44	1	1	15	170	326	362	410	602	650	770	806	854	974	1046	1082	1131	1238	1275	1344
	44	1	2	12	170	302	396	433	470	565	626	698	830	878	986	1022	1173
	45	1	0	18	170	266	299	399	470	555	626	698	734	782	841	938	974	1022	1094	1130	1214	1310	1381
	45	1	1	14	170	303	350	407	458	530	697	758	854	889	986	1079	1130	1227	1393
	45	1	2	17	170	242	278	326	470	518	638	674	794	830	913	1034	1082	1154	1189	1262	1297	1389
	46	1	0	15	170	229	301	373	422	458	506	663	758	794	962	1033	1094	1142	1284	1393
	46	1	1	15	170	278	350	409	480	543	591	685	746	830	936	986	1058	1142	1238	1404
	46	1	2	16	170	289	395	470	566	710	758	854	889	974	1046	1094	1142	1238	1274	1334	1416
	46	1	3	2	170	278	405
	47	1	0	18	170	372	422	495	541	614	709	745	804	867	913	985	1022	1058	1106	1225	1284	1334	1417
	47	1	1	20	170	242	302	338	458	504	565	648	711	758	794	830	902	938	986	1046	1094	1131	1224	1308	1381
	47	1	2	11	170	242	324	422	518	577	639	746	781	854	890	1077
	48	1	0	14	170	229	266	313	398	492	614	759	866	986	1094	1142	1239	1274	1392
	48	1	1	17	170	254	290	374	410	458	566	672	805	866	926	986	1070	1106	1226	1262	1322	1381
	48	1	2	19	170	242	278	326	422	458	482	553	685	722	758	794	853	925	962	1046	1082	1129	1214	1329
	49	1	0	18	170	242	372	433	481	590	627	673	782	818	866	913	974	1021	1070	1106	1223	1285	1356
	49	1	1	18	170	325	386	434	481	530	578	674	710	758	816	866	949	1022	1070	1142	1214	1251	1332
	49	1	2	15	170	302	374	444	506	590	650	733	806	878	914	950	974	1082	1202	1293
	50	1	0	19	170	254	302	350	421	470	542	674	709	758	830	866	912	974	1022	1079	1142	1237	1298	1404
	50	1	1	18	170	242	348	398	518	555	578	650	711	794	842	938	974	1032	1081	1130	1177	1262	1333
	50	1	2	16	170	300	338	386	433	491	554	602	746	866	927	998	1070	1106	1154	1201	1305
	51	1	0	15	170	302	410	459	506	566	612	662	745	782	890	951	1070	1118	1214	1392
	51	1	1	13	170	327	445	494	626	722	852	951	986	1092	1153	1214	1262	1368
	51	1	2	17	170	265	350	386	446	493	565	602	626	722	830	866	913	962	997	1070	1214	1309
	51	1	3	9	170	338	398	446	578	626	686	734	770	921
	52	1	0	18	170	277	314	339	398	482	530	590	722	770	876	914	984	1033	1106	1165	1226	1262	1332
	52	1	1	15	170	302	386	422	554	602	698	734	794	888	938	974	1033	1094	1166	1370
	52	1	2	16	170	254	301	445	495	578	662	746	782	865	902	974	1046	1094	1155	1274	1381
	52	1	3	5	170	278	314	446	494	621
	53	1	0	15	170	254	290	362	398	482	506	602	650	782	948	1033	1119	1178	1238	1356
	53	1	1	19	170	266	301	363	470	566	601	732	782	806	855	927	998	1058	1118	1166	1215	1285	1334	1417
	53	1	2	20	170	254	349	420	481	577	626	674	710	782	817	865	926	962	1008	1070	1106	1190	1275	1322	1416
	53	1	3	2	170	230	309
	54	1	0	18	170	230	278	338	385	470	542	638	698	734	782	877	914	1010	1142	1224	1262	1332	1393
	54	1	1	17	170	266	302	361	444	494	566	614	661	746	855	924	973	1057	1130	1166	1237	1332
	54	1	2	17	170	324	374	421	506	589	651	686	770	864	913	998	1069	1118	1177	1274	1310	1394
	54	1	3	4	170	243	279	373	477
	55	1	0	15	170	302	398	506	554	638	698	722	818	938	1010	1115	1190	1226	1286	1368
	55	1	1	18	170	254	338	374	398	482	518	590	744	805	913	962	985	1047	1106	1165	1226	1310	1369
	55	1	2	18	170	278	302	446	482	529	638	686	781	842	926	986	1022	1058	1142	1190	1226	1298	1368
	55	1	3	9	170	313	446	482	542	602	734	782	913	1185