1	1	There	1	1	171	266	70	154
1	2	are	2	1	266	314	70	154
1	3	now	3	1	314	363	70	154
1	4	rumblings	4	1	363	482	70	154
1	5	that	5	1	482	541	70	154
1	6	Apple	6	1	541	613	70	154
1	7	might	7	1	613	686	70	154
1	8	soon	8	1	686	746	70	154
1	9	invade	9	1	746	830	70	154
1	10	the	10	1	830	878	70	154
1	11	smart	11	1	878	949	70	154
1	12	watch	12	1	949	1022	70	154
1	13	"space,"	13	1	1022	1104	70	154
1	14	though	14	1	1104	1190	70	154
1	15	the	15	1	1190	1238	70	154
1	16	company	16	1	1238	1334	70	154
1	17	is	17	1	1334	1392	70	154
1	18	maintaining	1	2	171	337	154	246
1	19	its	2	2	337	386	154	246
1	20	customary	3	2	386	507	154	246
1	21	silence.	4	2	507	612	154	246
1	22	The	5	2	612	661	154	246
1	23	watch	6	2	661	734	154	246
1	24	doesn't	7	2	734	830	154	246
1	25	have	8	2	830	890	154	246
1	26	a	9	2	890	914	154	246
1	27	microphone	10	2	914	1046	154	246
1	28	or	11	2	1046	1082	154	246
1	29	"speaker,"	12	2	1082	1188	154	246
1	30	but	13	2	1188	1237	154	246
1	31	you	14	2	1237	1286	154	246
1	32	can	15	2	1286	1334	154	246
1	33	use	16	2	1334	1404	154	246
1	34	it	1	3	171	230	246	338
1	35	to	2	3	230	266	246	338
1	36	control	3	3	266	362	246	338
1	37	the	4	3	362	409	246	338
1	38	music	5	3	409	482	246	338
1	39	on	6	3	482	517	246	338
1	40	your	7	3	517	578	246	338
1	41	phone.	8	3	578	660	246	338
1	42	You	9	3	660	710	246	338
1	43	can	10	3	710	758	246	338
1	44	glance	11	3	758	842	246	338
1	45	at	12	3	842	878	246	338
1	46	the	13	3	878	925	246	338
1	47	watch	14	3	925	998	246	338
1	48	face	15	3	998	1058	246	338
1	49	to	16	3	1058	1093	246	338
1	50	view	17	3	1093	1155	246	338
1	51	the	18	3	1155	1202	246	338
1	52	artist	19	3	1202	1286	246	338
1	53	and	20	3	1286	1357	246	338
1	54	title	1	4	172	266	338	422
1	55	of	2	4	266	302	338	422
1	56	a	3	4	302	326	338	422
1	57	song.	4	4	326	417	338	422
2	1	Two	1	1	170	241	70	154
2	2	days	2	1	241	302	70	154
2	3	"later,"	3	1	302	384	70	154
2	4	the	4	1	384	433	70	154
2	5	British	5	1	433	530	70	154
2	6	astronomer	6	1	530	662	70	154
2	7	Richard	7	1	662	758	70	154
2	8	Carrington	8	1	758	889	70	154
2	9	was	9	1	889	938	70	154
2	10	observing	10	1	938	1058	70	154
2	11	the	11	1	1058	1105	70	154
2	12	interesting	12	1	1105	1250	70	154
2	13	sunspot	13	1	1250	1369	70	154
2	14	group	1	2	172	266	154	246
2	15	through	2	2	266	362	154	246
2	16	his	3	2	362	410	154	246
2	17	telescope	4	2	410	529	154	246
2	18	when	5	2	529	590	154	246
2	19	he	6	2	590	626	154	246
2	20	saw	7	2	626	674	154	246
2	21	what	8	2	674	734	154	246
2	22	he	9	2	734	769	154	246
2	23	described	10	2	769	890	154	246
2	24	as	11	2	890	926	154	246
2	25	two	12	2	926	986	154	246
2	26	patches	13	2	986	1082	154	246
2	27	of	14	2	1082	1118	154	246
2	28	intensely	15	2	1118	1238	154	246
2	29	bright	16	2	1238	1322	154	246
2	30	and	17	2	1322	1393	154	246
2	31	white	1	3	170	266	246	338
2	32	light	2	3	266	350	246	338
2	33	over	3	3	350	410	246	338
2	34	the	4	3	410	458	246	338
2	35	sunspots.	5	3	458	575	246	338
2	36	He	6	3	575	614	246	338
2	37	jotted	7	3	614	698	246	338
2	38	a	8	3	698	722	246	338
2	39	note	9	3	722	781	246	338
2	40	in	10	3	781	818	246	338
2	41	his	11	3	818	865	246	338
2	42	painstaking	12	3	865	1010	246	338
2	43	record.	13	3	1010	1104	246	338
2	44	That	14	3	1104	1166	246	338
2	45	night	15	3	1166	1238	246	338
2	46	there	16	3	1238	1309	246	338
2	47	was	17	3	1309	1380	246	338
2	48	scarcely	1	4	172	303	338	422
2	49	a	2	4	303	326	338	422
2	50	square	3	4	326	409	338	422
2	51	inch	4	4	409	470	338	422
2	52	of	5	4	470	506	338	422
2	53	earth	6	4	506	578	338	422
2	54	that	7	4	578	637	338	422
2	55	was	8	4	637	686	338	422
2	56	not	9	4	686	734	338	422
2	57	illuminated	10	4	734	878	338	422
2	58	by	11	4	878	915	338	422
2	59	aurora.	12	4	915	1029	338	422
3	1	I	1	1	171	217	70	154
3	2	agree	2	1	217	290	70	154
3	3	that	3	1	290	350	70	154
3	4	California's	4	1	350	506	70	154
3	5	three	5	1	506	590	70	154
3	6	strikes	6	1	590	686	70	154
3	7	and	7	1	686	733	70	154
3	8	you're	8	1	733	818	70	154
3	9	out	9	1	818	878	70	154
3	10	law	10	1	878	926	70	154
3	11	will	11	1	926	986	70	154
3	12	be	12	1	986	1022	70	154
3	13	a	13	1	1022	1046	70	154
3	14	financial	14	1	1046	1166	70	154
3	15	disaster	15	1	1166	1274	70	154
3	16	for	16	1	1274	1345	70	154
3	17	taxpayers	1	2	172	313	154	246
3	18	who	2	2	313	362	154	246
3	19	care	3	2	362	422	154	246
3	20	about	4	2	422	494	154	246
3	21	education	5	2	494	614	154	246
3	22	and	6	2	614	662	154	246
3	23	other	7	2	662	733	154	246
3	24	vital	8	2	733	806	154	246
3	25	services.	9	2	806	924	154	246
3	26	But	10	2	924	974	154	246
3	27	it's	11	2	974	1034	154	246
3	28	far	12	2	1034	1082	154	246
3	29	from	13	2	1082	1143	154	246
3	30	clear	14	2	1143	1214	154	246
3	31	that	15	2	1214	1274	154	246
3	32	the	16	2	1274	1322	154	246
3	33	law	17	2	1322	1394	154	246
3	34	can	1	3	172	242	246	336
3	35	even	2	3	242	302	246	336
3	36	be	3	3	302	338	246	336
3	37	credited	4	3	338	445	246	336
3	38	with	5	3	445	506	246	336
3	39	a	6	3	506	531	246	336
3	40	reduction	7	3	531	650	246	336
3	41	in	8	3	650	686	246	336
3	42	crime	9	3	686	757	246	336
3	43	in	10	3	757	794	246	336
3	44	California.	11	3	794	941	246	336
3	45	While	12	3	941	1021	246	336
3	46	it's	13	3	1021	1082	246	336
3	47	TRUE	14	3	1082	1142	246	336
3	48	that	15	3	1142	1202	246	336
3	49	crime	16	3	1202	1273	246	336
3	50	declined	17	3	1273	1405	246	336
3	51	in	1	4	171	230	336	422
3	52	California	2	4	230	362	336	422
3	53	last	3	4	362	421	336	422
3	54	"year,"	4	4	421	492	336	422
3	55	crime	5	4	492	566	336	422
3	56	also	6	4	566	626	336	422
3	57	dropped	7	4	626	722	336	422
3	58	nationwide.	8	4	722	885	336	422
4	1	Liza	1	1	171	253	70	154
4	2	was	2	1	253	301	70	154
4	3	in	3	1	301	338	70	154
4	4	a	4	1	338	362	70	154
4	5	bad	5	1	362	410	70	154
4	6	"temper,"	6	1	410	504	70	154
4	7	for	7	1	504	554	70	154
4	8	she	8	1	554	601	70	154
4	9	was	9	1	601	649	70	154
4	10	mixing	10	1	649	734	70	154
4	11	the	11	1	734	781	70	154
4	12	Christmas	12	1	781	901	70	154
4	13	puddings	13	1	901	1009	70	154
4	14	in	14	1	1009	1046	70	154
4	15	the	15	1	1046	1094	70	154
4	16	"kitchen,"	16	1	1094	1200	70	154
4	17	and	17	1	1200	1250	70	154
4	18	had	18	1	1250	1298	70	154
4	19	been	19	1	1298	1381	70	154
4	20	drawn	1	2	171	266	154	246
4	21	from	2	2	266	327	154	246
4	22	"them,"	3	2	327	395	154	246
4	23	with	4	2	395	458	154	246
4	24	a	5	2	458	483	154	246
4	25	raisin	6	2	483	566	154	246
4	26	still	7	2	566	638	154	246
4	27	on	8	2	638	674	154	246
4	28	her	9	2	674	722	154	246
4	29	"cheek,"	10	2	722	804	154	246
4	30	by	11	2	804	842	154	246
4	31	Nana's	12	2	842	926	154	246
4	32	absurd	13	2	926	1010	154	246
4	33	suspicions.	14	2	1010	1152	154	246
4	34	She	15	2	1152	1202	154	246
4	35	thought	16	2	1202	1298	154	246
4	36	the	17	2	1298	1368	154	246
4	37	best	1	3	171	253	246	340
4	38	way	2	3	253	303	246	340
4	39	of	3	3	303	338	246	340
4	40	getting	4	3	338	434	246	340
4	41	a	5	3	434	458	246	340
4	42	little	6	3	458	541	246	340
4	43	quiet	7	3	541	613	246	340
4	44	was	8	3	613	662	246	340
4	45	to	9	3	662	698	246	340
4	46	take	10	3	698	757	246	340
4	47	Nana	11	3	757	818	246	340
4	48	to	12	3	818	854	246	340
4	49	the	13	3	854	902	246	340
4	50	nursery	14	3	902	999	246	340
4	51	for	15	3	999	1046	246	340
4	52	a	16	3	1046	1070	246	340
4	53	"moment,"	17	3	1070	1164	246	340
4	54	but	18	3	1164	1214	246	340
4	55	in	19	3	1214	1250	246	340
4	56	custody	20	3	1250	1347	246	340
4	57	of	21	3	1347	1405	246	340
4	58	course.	1	4	172	309	340	418
5	1	Mrs.	1	1	170	252	70	154
5	2	Darling	2	1	252	349	70	154
5	3	quivered	3	1	349	458	70	154
5	4	and	4	1	458	505	70	154
5	5	went	5	1	505	566	70	154
5	6	to	6	1	566	602	70	154
5	7	the	7	1	602	649	70	154
5	8	window.	8	1	649	744	70	154
5	9	It	9	1	744	781	70	154
5	10	was	10	1	781	830	70	154
5	11	securely	11	1	830	939	70	154
5	12	fastened.	12	1	939	1056	70	154
5	13	She	13	1	1056	1106	70	154
5	14	looked	14	1	1106	1190	70	154
5	15	"out,"	15	1	1190	1248	70	154
5	16	and	16	1	1248	1298	70	154
5	17	the	17	1	1298	1368	70	154
5	18	night	1	2	172	265	154	246
5	19	was	2	2	265	313	154	246
5	20	peppered	3	2	313	421	154	246
5	21	with	4	2	421	482	154	246
5	22	stars.	5	2	482	564	154	246
5	23	They	6	2	564	626	154	246
5	24	were	7	2	626	686	154	246
5	25	crowding	8	2	686	794	154	246
5	26	round	9	2	794	866	154	246
5	27	the	10	2	866	914	154	246
5	28	"house,"	11	2	914	996	154	246
5	29	as	12	2	996	1033	154	246
5	30	if	13	2	1033	1070	154	246
5	31	curious	14	2	1070	1166	154	246
5	32	to	15	2	1166	1202	154	246
5	33	see	16	2	1202	1249	154	246
5	34	what	17	2	1249	1309	154	246
5	35	was	18	2	1309	1358	154	246
5	36	to	19	2	1358	1417	154	246
5	37	take	1	3	172	253	246	338
5	38	place	2	3	253	326	246	338
5	39	"there,"	3	3	326	408	246	338
5	40	but	4	3	408	458	246	338
5	41	she	5	3	458	505	246	338
5	42	did	6	3	505	554	246	338
5	43	not	7	3	554	602	246	338
5	44	notice	8	3	602	686	246	338
5	45	"this,"	9	3	686	756	246	338
5	46	nor	10	3	756	806	246	338
5	47	that	11	3	806	866	246	338
5	48	one	12	3	866	914	246	338
5	49	or	13	3	914	950	246	338
5	50	two	14	3	950	998	246	338
5	51	of	15	3	998	1034	246	338
5	52	the	16	3	1034	1082	246	338
5	53	smaller	17	3	1082	1178	246	338
5	54	ones	18	3	1178	1237	246	338
5	55	winked	19	3	1237	1322	246	338
5	56	at	20	3	1322	1381	246	338
5	57	her.	1	4	172	273	338	418
6	1	Seeing	1	1	172	277	70	154
6	2	Peter	2	1	277	350	70	154
6	3	slowly	3	1	350	435	70	154
6	4	advancing	4	1	435	553	70	154
6	5	upon	5	1	553	614	70	154
6	6	him	6	1	614	663	70	154
6	7	through	7	1	663	758	70	154
6	8	the	8	1	758	806	70	154
6	9	air	9	1	806	853	70	154
6	10	with	10	1	853	914	70	154
6	11	dagger	11	1	914	998	70	154
6	12	"poised,"	12	1	998	1092	70	154
6	13	he	13	1	1092	1130	70	154
6	14	sprang	14	1	1130	1213	70	154
6	15	upon	15	1	1213	1274	70	154
6	16	the	16	1	1274	1344	70	154
6	17	bulwarks	1	2	171	302	154	246
6	18	to	2	2	302	338	154	246
6	19	cast	3	2	338	398	154	246
6	20	himself	4	2	398	494	154	246
6	21	into	5	2	494	554	154	246
6	22	the	6	2	554	602	154	246
6	23	sea.	7	2	602	659	154	246
6	24	He	8	2	659	697	154	246
6	25	did	9	2	697	746	154	246
6	26	not	10	2	746	794	154	246
6	27	know	11	2	794	855	154	246
6	28	that	12	2	855	914	154	246
6	29	the	13	2	914	962	154	246
6	30	crocodile	14	2	962	1081	154	246
6	31	was	15	2	1081	1129	154	246
6	32	waiting	16	2	1129	1226	154	246
6	33	for	17	2	1226	1274	154	246
6	34	him;	18	2	1274	1332	154	246
6	35	for	19	2	1332	1405	154	246
6	36	we	1	3	170	229	246	338
6	37	purposely	2	3	229	351	246	338
6	38	stopped	3	3	351	446	246	338
6	39	the	4	3	446	494	246	338
6	40	clock	5	3	494	566	246	338
6	41	that	6	3	566	626	246	338
6	42	this	7	3	626	686	246	338
6	43	knowledge	8	3	686	805	246	338
6	44	might	9	3	805	878	246	338
6	45	be	10	3	878	914	246	338
6	46	spared	11	3	914	998	246	338
6	47	him:	12	3	998	1056	246	338
6	48	a	13	3	1056	1082	246	338
6	49	little	14	3	1082	1165	246	338
6	50	mark	15	3	1165	1226	246	338
6	51	of	16	3	1226	1263	246	338
6	52	respect	17	3	1263	1381	246	338
6	53	from	1	4	172	254	338	418
6	54	us	2	4	254	290	338	418
6	55	at	3	4	290	326	338	418
6	56	the	4	4	326	374	338	418
6	57	end.	5	4	374	453	338	418
7	1	Dorothy	1	1	172	290	70	154
7	2	didn't	2	1	290	374	70	154
7	3	know.	3	1	374	444	70	154
7	4	She	4	1	444	494	70	154
7	5	looked	5	1	494	578	70	154
7	6	around	6	1	578	662	70	154
7	7	her	7	1	662	710	70	154
7	8	anxiously	8	1	710	831	70	154
7	9	for	9	1	831	878	70	154
7	10	some	10	1	878	938	70	154
7	11	familiar	11	1	938	1046	70	154
7	12	landmark;	12	1	1046	1164	70	154
7	13	but	13	1	1164	1214	70	154
7	14	everything	14	1	1214	1345	70	154
7	15	was	15	1	1345	1416	70	154
7	16	strange.	1	2	172	300	154	246
7	17	Between	2	2	300	398	154	246
7	18	the	3	2	398	445	154	246
7	19	branches	4	2	445	554	154	246
7	20	of	5	2	554	590	154	246
7	21	the	6	2	590	637	154	246
7	22	many	7	2	637	699	154	246
7	23	roads	8	2	699	769	154	246
7	24	were	9	2	769	830	154	246
7	25	green	10	2	830	902	154	246
7	26	meadows	11	2	902	998	154	246
7	27	and	12	2	998	1046	154	246
7	28	a	13	2	1046	1070	154	246
7	29	few	14	2	1070	1119	154	246
7	30	shrubs	15	2	1119	1202	154	246
7	31	and	16	2	1202	1250	154	246
7	32	"trees,"	17	2	1250	1332	154	246
7	33	but	18	2	1332	1405	154	246
7	34	she	1	3	172	242	246	338
7	35	couldn't	2	3	242	350	246	338
7	36	see	3	3	350	398	246	338
7	37	the	4	3	398	446	246	338
7	38	farm-house	5	3	446	578	246	338
7	39	from	6	3	578	638	246	338
7	40	which	7	3	638	710	246	338
7	41	she	8	3	710	758	246	338
7	42	had	9	3	758	806	246	338
7	43	just	10	3	806	866	246	338
7	44	"come,"	11	3	866	936	246	338
7	45	or	12	3	936	974	246	338
7	46	anything	13	3	974	1082	246	338
7	47	she	14	3	1082	1130	246	338
7	48	had	15	3	1130	1178	246	338
7	49	ever	16	3	1178	1238	246	338
7	50	seen	17	3	1238	1298	246	338
7	51	"before,"	18	3	1298	1413	246	338
7	52	except	1	4	172	278	338	422
7	53	the	2	4	278	326	338	422
7	54	shaggy	3	4	326	410	338	422
7	55	man	4	4	410	458	338	422
7	56	and	5	4	458	506	338	422
7	57	Toto.	6	4	506	597	338	422
8	1	The	1	1	171	242	70	154
8	2	human	2	1	242	314	70	154
8	3	body	3	1	314	375	70	154
8	4	can	4	1	375	422	70	154
8	5	tolerate	5	1	422	530	70	154
8	6	only	6	1	530	591	70	154
8	7	a	7	1	591	614	70	154
8	8	small	8	1	614	687	70	154
8	9	range	9	1	687	758	70	154
8	10	of	10	1	758	794	70	154
8	11	"temperature,"	11	1	794	948	70	154
8	12	especially	12	1	948	1082	70	154
8	13	when	13	1	1082	1142	70	154
8	14	the	14	1	1142	1189	70	154
8	15	person	15	1	1189	1274	70	154
8	16	is	16	1	1274	1332	70	154
8	17	engaged	1	2	172	290	154	246
8	18	in	2	2	290	325	154	246
8	19	vigorous	3	2	325	434	154	246
8	20	activity.	4	2	434	551	154	246
8	21	Heat	5	2	551	615	154	246
8	22	reactions	6	2	615	733	154	246
8	23	usually	7	2	733	831	154	246
8	24	occur	8	2	831	901	154	246
8	25	when	9	2	901	962	154	246
8	26	large	10	2	962	1034	154	246
8	27	amounts	11	2	1034	1130	154	246
8	28	of	12	2	1130	1165	154	246
8	29	water	13	2	1165	1238	154	246
8	30	and/or	14	2	1238	1322	154	246
8	31	salt	15	2	1322	1405	154	246
8	32	are	1	3	172	242	246	338
8	33	lost	2	3	242	302	246	338
8	34	through	3	3	302	398	246	338
8	35	excessive	4	3	398	518	246	338
8	36	sweating	5	3	518	626	246	338
8	37	following	6	3	626	746	246	338
8	38	strenuous	7	3	746	866	246	338
8	39	exercise.	8	3	866	983	246	338
8	40	When	9	3	983	1046	246	338
8	41	the	10	3	1046	1093	246	338
8	42	body	11	3	1093	1154	246	338
8	43	becomes	12	3	1154	1250	246	338
8	44	overheated	13	3	1250	1405	246	338
8	45	and	1	4	172	242	338	422
8	46	cannot	2	4	242	326	338	422
8	47	eliminate	3	4	326	446	338	422
8	48	this	4	4	446	506	338	422
8	49	excess	5	4	506	590	338	422
8	50	"heat,"	6	4	590	660	338	422
8	51	heat	7	4	660	722	338	422
8	52	exhaustion	8	4	722	854	338	422
8	53	and	9	4	854	902	338	422
8	54	heat	10	4	902	962	338	422
8	55	stroke	11	4	962	1046	338	422
8	56	are	12	4	1046	1093	338	422
8	57	possible.	13	4	1093	1233	338	422
9	1	It	1	1	171	229	70	154
9	2	was	2	1	229	278	70	154
9	3	a	3	1	278	302	70	154
9	4	forbidding	4	1	302	434	70	154
9	5	"challenge,"	5	1	434	564	70	154
9	6	and	6	1	564	614	70	154
9	7	it	7	1	614	650	70	154
9	8	says	8	1	650	709	70	154
9	9	much	9	1	709	770	70	154
9	10	for	10	1	770	817	70	154
9	11	Winstanley's	11	1	817	973	70	154
9	12	persuasive	12	1	973	1106	70	154
9	13	"abilities,"	13	1	1106	1236	70	154
9	14	not	14	1	1236	1286	70	154
9	15	to	15	1	1286	1345	70	154
9	16	mention	1	2	171	290	154	246
9	17	his	2	2	290	338	154	246
9	18	"self-confidence,"	3	2	338	540	154	246
9	19	that	4	2	540	602	154	246
9	20	the	5	2	602	650	154	246
9	21	admiralty	6	2	650	771	154	246
9	22	agreed	7	2	771	854	154	246
9	23	to	8	2	854	890	154	246
9	24	fund	9	2	890	950	154	246
9	25	him.	10	2	950	1007	154	246
9	26	No	11	2	1007	1046	154	246
9	27	lighthouse	12	2	1046	1178	154	246
9	28	had	13	2	1178	1226	154	246
9	29	ever	14	2	1226	1286	154	246
9	30	been	15	2	1286	1369	154	246
9	31	built	1	3	171	266	246	338
9	32	out	2	3	266	314	246	338
9	33	to	3	3	314	350	246	338
9	34	sea	4	3	350	398	246	338
9	35	on	5	3	398	434	246	338
9	36	an	6	3	434	470	246	338
9	37	isolated	7	3	470	579	246	338
9	38	rock	8	3	579	638	246	338
9	39	before.	9	3	638	732	246	338
9	40	The	10	3	732	781	246	338
9	41	Eddystone	11	3	781	901	246	338
9	42	is	12	3	901	938	246	338
9	43	hard	13	3	938	998	246	338
9	44	enough	14	3	998	1082	246	338
9	45	to	15	3	1082	1118	246	338
9	46	"avoid,"	16	3	1118	1200	246	338
9	47	but	17	3	1200	1250	246	338
9	48	landing	18	3	1250	1346	246	338
9	49	on	19	3	1346	1405	246	338
9	50	it	1	4	171	230	338	422
9	51	is	2	4	230	266	338	422
9	52	a	3	4	266	290	338	422
9	53	separate	4	4	290	398	338	422
9	54	challenge	5	4	398	518	338	422
9	55	entirely.	6	4	518	657	338	422
10	1	A	1	1	170	219	70	154
10	2	clergyman	2	1	219	339	70	154
10	3	remarked	3	1	339	446	70	154
10	4	to	4	1	446	482	70	154
10	5	"him,"	5	1	482	540	70	154
10	6	The	6	1	540	602	70	154
10	7	Lord	7	1	602	662	70	154
10	8	is	8	1	662	698	70	154
10	9	on	9	1	698	734	70	154
10	10	our	10	1	734	782	70	154
10	11	side.	11	1	782	866	70	154
10	12	I	12	1	866	889	70	154
10	13	am	13	1	889	927	70	154
10	14	not	14	1	927	974	70	154
10	15	at	15	1	974	1010	70	154
10	16	all	16	1	1010	1058	70	154
10	17	concerned	17	1	1058	1178	70	154
10	18	about	18	1	1178	1250	70	154
10	19	"that,"	19	1	1250	1341	70	154
10	20	replied	1	2	173	289	154	246
10	21	Mr.	2	2	289	336	154	246
10	22	Lincoln;	3	2	336	444	154	246
10	23	for	4	2	444	506	154	246
10	24	I	5	2	506	529	154	246
10	25	know	6	2	529	591	154	246
10	26	that	7	2	591	650	154	246
10	27	the	8	2	650	698	154	246
10	28	Lord	9	2	698	758	154	246
10	29	is	10	2	758	794	154	246
10	30	always	11	2	794	878	154	246
10	31	on	12	2	878	914	154	246
10	32	the	13	2	914	962	154	246
10	33	side	14	2	962	1022	154	246
10	34	of	15	2	1022	1058	154	246
10	35	the	16	2	1058	1106	154	246
10	36	right.	17	2	1106	1188	154	246
10	37	But	18	2	1188	1238	154	246
10	38	it	19	2	1238	1274	154	246
10	39	is	20	2	1274	1309	154	246
10	40	my	21	2	1309	1370	154	246
10	41	constant	1	3	172	302	246	330
10	42	anxiety	2	3	302	399	246	330
10	43	and	3	3	399	446	246	330
10	44	prayer	4	3	446	530	246	330
10	45	that	5	3	530	590	246	330
10	46	I	6	3	590	613	246	330
10	47	and	7	3	613	662	246	330
10	48	this	8	3	662	722	246	330
10	49	nation	9	3	722	806	246	330
10	50	should	10	3	806	890	246	330
10	51	be	11	3	890	926	246	330
10	52	on	12	3	926	962	246	330
10	53	the	13	3	962	1010	246	330
10	54	Lord's	14	3	1010	1094	246	330
10	55	side.	15	3	1094	1200	246	330
11	1	Known	1	1	171	266	70	154
11	2	as	2	1	266	301	70	154
11	3	Rapa	3	1	301	361	70	154
11	4	Nui	4	1	361	410	70	154
11	5	to	5	1	410	446	70	154
11	6	the	6	1	446	493	70	154
11	7	island's	7	1	493	601	70	154
11	8	"inhabitants,"	8	1	601	756	70	154
11	9	Rongorongo	9	1	756	890	70	154
11	10	is	10	1	890	926	70	154
11	11	a	11	1	926	949	70	154
11	12	writing	12	1	949	1046	70	154
11	13	system	13	1	1046	1131	70	154
11	14	comprised	14	1	1131	1250	70	154
11	15	of	15	1	1250	1309	70	154
11	16	pictographs.	1	2	171	348	154	246
11	17	It	2	2	348	386	154	246
11	18	has	3	2	386	433	154	246
11	19	been	4	2	433	494	154	246
11	20	found	5	2	494	566	154	246
11	21	carved	6	2	566	650	154	246
11	22	into	7	2	650	710	154	246
11	23	many	8	2	710	771	154	246
11	24	oblong	9	2	771	853	154	246
11	25	wooden	10	2	853	938	154	246
11	26	tablets	11	2	938	1034	154	246
11	27	and	12	2	1034	1082	154	246
11	28	other	13	2	1082	1154	154	246
11	29	artifacts	14	2	1154	1274	154	246
11	30	from	15	2	1274	1335	154	246
11	31	the	16	2	1335	1404	154	246
11	32	island's	1	3	171	302	246	338
11	33	history.	2	3	302	408	246	338
11	34	The	3	3	408	458	246	338
11	35	art	4	3	458	506	246	338
11	36	of	5	3	506	541	246	338
11	37	writing	6	3	541	637	246	338
11	38	was	7	3	637	686	246	338
11	39	not	8	3	686	734	246	338
11	40	known	9	3	734	806	246	338
11	41	in	10	3	806	842	246	338
11	42	any	11	3	842	891	246	338
11	43	nearby	12	3	891	974	246	338
11	44	islands	13	3	974	1070	246	338
11	45	and	14	3	1070	1118	246	338
11	46	the	15	3	1118	1166	246	338
11	47	script's	16	3	1166	1273	246	338
11	48	mere	17	3	1273	1356	246	338
11	49	existence	1	4	172	313	338	422
11	50	is	2	4	313	350	338	422
11	51	sufficient	3	4	350	482	338	422
11	52	to	4	4	482	518	338	422
11	53	confound	5	4	518	626	338	422
11	54	anthropologists.	6	4	626	849	338	422
12	1	Some	1	1	171	253	70	154
12	2	months	2	1	253	338	70	154
12	3	"later,"	3	1	338	419	70	154
12	4	Michael	4	1	419	518	70	154
12	5	Larson	5	1	518	602	70	154
12	6	saw	6	1	602	651	70	154
12	7	another	7	1	651	746	70	154
12	8	opportunity	8	1	746	891	70	154
12	9	to	9	1	891	926	70	154
12	10	stack	10	1	926	998	70	154
12	11	the	11	1	998	1046	70	154
12	12	odds	12	1	1046	1105	70	154
12	13	in	13	1	1105	1142	70	154
12	14	his	14	1	1142	1190	70	154
12	15	favor	15	1	1190	1261	70	154
12	16	with	16	1	1261	1322	70	154
12	17	a	17	1	1322	1369	70	154
12	18	dash	1	2	171	254	154	246
12	19	of	2	2	254	290	154	246
12	20	ingenuity.	3	2	290	419	154	246
12	21	He	4	2	419	457	154	246
12	22	walked	5	2	457	542	154	246
12	23	into	6	2	542	602	154	246
12	24	his	7	2	602	649	154	246
12	25	bank	8	2	649	710	154	246
12	26	one	9	2	710	757	154	246
12	27	day	10	2	757	807	154	246
12	28	and	11	2	807	854	154	246
12	29	asked	12	2	854	926	154	246
12	30	to	13	2	926	961	154	246
12	31	withdraw	14	2	961	1071	154	246
12	32	his	15	2	1071	1118	154	246
12	33	entire	16	2	1118	1202	154	246
12	34	account	17	2	1202	1321	154	246
12	35	"balance,"	1	3	171	300	246	338
12	36	but	2	3	300	349	246	338
12	37	with	3	3	349	410	246	338
12	38	an	4	3	410	446	246	338
12	39	unusual	5	3	446	542	246	338
12	40	stipulation:	6	3	542	695	246	338
12	41	He	7	3	695	733	246	338
12	42	wanted	8	3	733	818	246	338
12	43	as	9	3	818	853	246	338
12	44	much	10	3	853	914	246	338
12	45	of	11	3	914	950	246	338
12	46	the	12	3	950	998	246	338
12	47	cash	13	3	998	1058	246	338
12	48	as	14	3	1058	1093	246	338
12	49	possible	15	3	1093	1201	246	338
12	50	in	16	3	1201	1238	246	338
12	51	one	17	3	1238	1285	246	338
12	52	dollar	18	3	1285	1393	246	338
12	53	notes.	1	4	172	297	338	418
13	1	Bob	1	1	171	241	70	154
13	2	"Murphy,"	2	1	241	336	70	154
13	3	the	3	1	336	386	70	154
13	4	Senior	4	1	386	470	70	154
13	5	PGA	5	1	470	518	70	154
13	6	Tour	6	1	518	578	70	154
13	7	money	7	1	578	651	70	154
13	8	leader	8	1	651	733	70	154
13	9	with	9	1	733	794	70	154
13	10	seven	10	1	794	866	70	154
13	11	hundred	11	1	866	962	70	154
13	12	"thousand,"	12	1	962	1080	70	154
13	13	says	13	1	1080	1142	70	154
13	14	heat	14	1	1142	1202	70	154
13	15	shouldn't	15	1	1202	1322	70	154
13	16	be	16	1	1322	1358	70	154
13	17	a	17	1	1358	1405	70	154
13	18	factor.	1	2	172	294	154	246
13	19	I	2	2	294	337	154	246
13	20	don't	3	2	337	410	154	246
13	21	think	4	2	410	481	154	246
13	22	you're	5	2	481	566	154	246
13	23	going	6	2	566	638	154	246
13	24	to	7	2	638	674	154	246
13	25	have	8	2	674	734	154	246
13	26	a	9	2	734	758	154	246
13	27	heat	10	2	758	817	154	246
13	28	wave	11	2	817	878	154	246
13	29	I'm	12	2	878	927	154	246
13	30	not	13	2	927	974	154	246
13	31	going	14	2	974	1046	154	246
13	32	to	15	2	1046	1082	154	246
13	33	be	16	2	1082	1118	154	246
13	34	able	17	2	1118	1178	154	246
13	35	to	18	2	1178	1214	154	246
13	36	"handle,"	19	2	1214	1322	154	246
13	37	he	20	2	1322	1380	154	246
13	38	said.	1	3	172	264	246	330
13	39	Everybody	2	3	264	399	246	330
13	40	treats	3	3	399	481	246	330
13	41	it	4	3	481	518	246	330
13	42	differently.	5	3	518	671	246	330
13	43	My	6	3	671	711	246	330
13	44	son	7	3	711	758	246	330
13	45	"Ronnie,"	8	3	758	852	246	330
13	46	his	9	3	852	902	246	330
13	47	"caddie,"	10	3	902	996	246	330
13	48	and	11	3	996	1046	246	330
13	49	I	12	3	1046	1068	246	330
13	50	won't	13	3	1068	1142	246	330
13	51	be	14	3	1142	1178	246	330
13	52	riding	15	3	1178	1262	246	330
13	53	carts.	16	3	1262	1365	246	330
14	1	With	1	1	170	254	70	154
14	2	schools	2	1	254	350	70	154
14	3	still	3	1	350	422	70	154
14	4	"closed,"	4	1	422	516	70	154
14	5	cars	5	1	516	578	70	154
14	6	still	6	1	578	650	70	154
14	7	buried	7	1	650	734	70	154
14	8	and	8	1	734	782	70	154
14	9	streets	9	1	782	878	70	154
14	10	still	10	1	878	950	70	154
14	11	blocked	11	1	950	1046	70	154
14	12	by	12	1	1046	1083	70	154
14	13	the	13	1	1083	1129	70	154
14	14	widespread	14	1	1129	1261	70	154
14	15	weekend	15	1	1261	1381	70	154
14	16	"snowstorm,"	1	2	172	324	154	246
14	17	officials	2	2	324	446	154	246
14	18	are	3	2	446	494	154	246
14	19	asking	4	2	494	577	154	246
14	20	people	5	2	577	662	154	246
14	21	to	6	2	662	698	154	246
14	22	pick	7	2	698	758	154	246
14	23	up	8	2	758	794	154	246
14	24	a	9	2	794	818	154	246
14	25	shovel	10	2	818	902	154	246
14	26	and	11	2	902	950	154	246
14	27	help	12	2	950	1010	154	246
14	28	out.	13	2	1010	1068	154	246
14	29	In	14	2	1068	1106	154	246
14	30	"Boston,"	15	2	1106	1200	154	246
14	31	a	16	2	1200	1226	154	246
14	32	snow	17	2	1226	1299	154	246
14	33	angel	18	2	1299	1404	154	246
14	34	campaign	1	3	172	302	246	338
14	35	is	2	3	302	337	246	338
14	36	using	3	3	337	410	246	338
14	37	social	4	3	410	494	246	338
14	38	media	5	3	494	566	246	338
14	39	to	6	3	566	602	246	338
14	40	encourage	7	3	602	722	246	338
14	41	neighbors	8	3	722	842	246	338
14	42	and	9	3	842	890	246	338
14	43	friends	10	3	890	986	246	338
14	44	to	11	3	986	1022	246	338
14	45	be	12	3	1022	1058	246	338
14	46	an	13	3	1058	1094	246	338
14	47	angel	14	3	1094	1166	246	338
14	48	and	15	3	1166	1214	246	338
14	49	help	16	3	1214	1274	246	338
14	50	dig	17	3	1274	1322	246	338
14	51	out	18	3	1322	1393	246	338
14	52	the	1	4	172	242	338	418
14	53	stranded.	2	4	242	381	338	418
15	1	Greg	1	1	171	253	70	154
15	2	"Anderson,"	2	1	253	372	70	154
15	3	considered	3	1	372	506	70	154
15	4	a	4	1	506	530	70	154
15	5	key	5	1	530	578	70	154
15	6	witness	6	1	578	673	70	154
15	7	by	7	1	673	711	70	154
15	8	the	8	1	711	757	70	154
15	9	"prosecution,"	9	1	757	911	70	154
15	10	vowed	10	1	911	986	70	154
15	11	he	11	1	986	1021	70	154
15	12	wouldn't	12	1	1021	1130	70	154
15	13	testify	13	1	1130	1226	70	154
15	14	when	14	1	1226	1286	70	154
15	15	served	15	1	1286	1370	70	154
15	16	a	16	1	1370	1417	70	154
15	17	subpoena	1	2	172	302	154	246
15	18	last	2	2	302	361	154	246
15	19	week.	3	2	361	431	154	246
15	20	His	4	2	431	482	154	246
15	21	lawyers	5	2	482	578	154	246
15	22	said	6	2	578	638	154	246
15	23	he	7	2	638	673	154	246
15	24	was	8	2	673	721	154	246
15	25	prepared	9	2	721	830	154	246
15	26	for	10	2	830	878	154	246
15	27	a	11	2	878	902	154	246
15	28	third	12	2	902	974	154	246
15	29	prison	13	2	974	1058	154	246
15	30	stay	14	2	1058	1119	154	246
15	31	to	15	2	1119	1154	154	246
15	32	maintain	16	2	1154	1262	154	246
15	33	his	17	2	1262	1332	154	246
15	34	silence.	1	3	172	299	246	338
15	35	Anderson	2	3	299	409	246	338
15	36	was	3	3	409	458	246	338
15	37	released	4	3	458	566	246	338
15	38	July	5	3	566	627	246	338
15	39	20	6	3	627	662	246	338
15	40	after	7	3	662	734	246	338
15	41	a	8	3	734	758	246	338
15	42	two-week	9	3	758	866	246	338
15	43	stay	10	3	866	927	246	338
15	44	for	11	3	927	974	246	338
15	45	previously	12	3	974	1106	246	338
15	46	declining	13	3	1106	1226	246	338
15	47	to	14	3	1226	1262	246	338
15	48	testify	15	3	1262	1382	246	338
15	49	before	1	4	171	278	338	422
15	50	a	2	4	278	302	338	422
15	51	different	3	4	302	422	338	422
15	52	grand	4	4	422	494	338	422
15	53	jury.	5	4	494	585	338	422
16	1	Steam	1	1	172	267	70	154
16	2	sterilization	2	1	267	434	70	154
16	3	is	3	1	434	470	70	154
16	4	limited	4	1	470	566	70	154
16	5	in	5	1	566	602	70	154
16	6	the	6	1	602	650	70	154
16	7	types	7	1	650	722	70	154
16	8	of	8	1	722	758	70	154
16	9	medical	9	1	758	853	70	154
16	10	waste	10	1	853	925	70	154
16	11	it	11	1	925	962	70	154
16	12	can	12	1	962	1010	70	154
16	13	"treat,"	13	1	1010	1092	70	154
16	14	but	14	1	1092	1142	70	154
16	15	is	15	1	1142	1178	70	154
16	16	appropriate	16	1	1178	1322	70	154
16	17	for	17	1	1322	1393	70	154
16	18	laboratory	1	2	172	327	154	246
16	19	cultures	2	2	327	434	154	246
16	20	and	3	2	434	482	154	246
16	21	substances	4	2	482	614	154	246
16	22	contaminated	5	2	614	769	154	246
16	23	with	6	2	769	830	154	246
16	24	infectious	7	2	830	962	154	246
16	25	organisms.	8	2	962	1092	154	246
16	26	The	9	2	1092	1141	154	246
16	27	waste	10	2	1141	1213	154	246
16	28	is	11	2	1213	1250	154	246
16	29	subjected	12	2	1250	1393	154	246
16	30	to	1	3	172	230	246	338
16	31	steam	2	3	230	302	246	338
16	32	in	3	3	302	338	246	338
16	33	a	4	3	338	362	246	338
16	34	"sealed,"	5	3	362	456	246	338
16	35	pressurized	6	3	456	602	246	338
16	36	chamber.	7	3	602	708	246	338
16	37	The	8	3	708	758	246	338
16	38	liquid	9	3	758	842	246	338
16	39	that	10	3	842	902	246	338
16	40	may	11	3	902	951	246	338
16	41	form	12	3	951	1010	246	338
16	42	is	13	3	1010	1045	246	338
16	43	drained	14	3	1045	1142	246	338
16	44	off	15	3	1142	1190	246	338
16	45	to	16	3	1190	1226	246	338
16	46	the	17	3	1226	1274	246	338
16	47	sewer	18	3	1274	1346	246	338
16	48	or	19	3	1346	1405	246	338
16	49	sent	1	4	172	254	338	422
16	50	for	2	4	254	302	338	422
16	51	processing.	3	4	302	465	338	422
17	1	Owls	1	1	170	253	70	154
17	2	are	2	1	253	301	70	154
17	3	more	3	1	301	362	70	154
17	4	flexible	4	1	362	470	70	154
17	5	than	5	1	470	530	70	154
17	6	humans	6	1	530	613	70	154
17	7	because	7	1	613	710	70	154
17	8	a	8	1	710	734	70	154
17	9	bird's	9	1	734	818	70	154
17	10	head	10	1	818	878	70	154
17	11	is	11	1	878	914	70	154
17	12	only	12	1	914	975	70	154
17	13	connected	13	1	975	1094	70	154
17	14	by	14	1	1094	1131	70	154
17	15	one	15	1	1131	1178	70	154
17	16	socket	16	1	1178	1262	70	154
17	17	pivot.	17	1	1262	1365	70	154
17	18	People	1	2	171	278	154	246
17	19	have	2	2	278	338	154	246
17	20	"two,"	3	2	338	395	154	246
17	21	which	4	2	395	470	154	246
17	22	limits	5	2	470	554	154	246
17	23	our	6	2	554	602	154	246
17	24	ability	7	2	602	699	154	246
17	25	to	8	2	699	734	154	246
17	26	"twist,"	9	2	734	816	154	246
17	27	Forsman	10	2	816	914	154	246
17	28	added.	11	2	914	996	154	246
17	29	Owls	12	2	996	1058	154	246
17	30	also	13	2	1058	1118	154	246
17	31	have	14	2	1118	1177	154	246
17	32	multiple	15	2	1177	1308	154	246
17	33	"vertebrae,"	1	3	170	324	246	338
17	34	the	2	3	324	374	246	338
17	35	small	3	3	374	446	246	338
17	36	bones	4	3	446	518	246	338
17	37	that	5	3	518	578	246	338
17	38	make	6	3	578	637	246	338
17	39	up	7	3	637	674	246	338
17	40	the	8	3	674	722	246	338
17	41	neck	9	3	722	782	246	338
17	42	and	10	3	782	830	246	338
17	43	"spine,"	11	3	830	912	246	338
17	44	helping	12	3	912	1010	246	338
17	45	them	13	3	1010	1071	246	338
17	46	achieve	14	3	1071	1166	246	338
17	47	a	15	3	1166	1189	246	338
17	48	wide	16	3	1189	1250	246	338
17	49	range	17	3	1250	1322	246	338
17	50	of	18	3	1322	1381	246	338
17	51	motion.	1	4	171	309	338	418
18	1	Even	1	1	171	254	70	154
18	2	in	2	1	254	290	70	154
18	3	the	3	1	290	338	70	154
18	4	same	4	1	338	398	70	154
18	5	"animal,"	5	1	398	492	70	154
18	6	not	6	1	492	542	70	154
18	7	all	7	1	542	590	70	154
18	8	bites	8	1	590	662	70	154
18	9	are	9	1	662	710	70	154
18	10	the	10	1	710	758	70	154
18	11	same.	11	1	758	827	70	154
18	12	A	12	1	827	855	70	154
18	13	new	13	1	855	903	70	154
18	14	study	14	1	903	975	70	154
18	15	finds	15	1	975	1046	70	154
18	16	that	16	1	1046	1106	70	154
18	17	because	17	1	1106	1202	70	154
18	18	the	18	1	1202	1250	70	154
18	19	force	19	1	1250	1321	70	154
18	20	in	20	1	1321	1358	70	154
18	21	a	21	1	1358	1405	70	154
18	22	muscle	1	2	171	277	154	246
18	23	depends	2	2	277	374	154	246
18	24	on	3	2	374	410	154	246
18	25	how	4	2	410	458	154	246
18	26	much	5	2	458	518	154	246
18	27	it	6	2	518	554	154	246
18	28	is	7	2	554	590	154	246
18	29	"stretched,"	8	2	590	720	154	246
18	30	an	9	2	720	758	154	246
18	31	animal's	10	2	758	865	154	246
18	32	bite	11	2	865	926	154	246
18	33	force	12	2	926	997	154	246
18	34	depends	13	2	997	1094	154	246
18	35	on	14	2	1094	1130	154	246
18	36	the	15	2	1130	1178	154	246
18	37	size	16	2	1178	1238	154	246
18	38	of	17	2	1238	1273	154	246
18	39	what	18	2	1273	1334	154	246
18	40	it	19	2	1334	1393	154	246
18	41	is	1	3	171	229	246	330
18	42	biting.	2	3	229	324	246	330
18	43	The	3	3	324	374	246	330
18	44	finding	4	3	374	470	246	330
18	45	has	5	3	470	517	246	330
18	46	direct	6	3	517	602	246	330
18	47	implications	7	3	602	758	246	330
18	48	for	8	3	758	806	246	330
18	49	ecology	9	3	806	903	246	330
18	50	and	10	3	903	950	246	330
18	51	evolution.	11	3	950	1101	246	330
19	1	"Interestingly,"	1	1	171	372	70	154
19	2	the	2	1	372	422	70	154
19	3	heaviest	3	1	422	530	70	154
19	4	isotopes	4	1	530	637	70	154
19	5	physicists	5	1	637	770	70	154
19	6	have	6	1	770	829	70	154
19	7	managed	7	1	829	926	70	154
19	8	to	8	1	926	962	70	154
19	9	synthesize	9	1	962	1094	70	154
19	10	so	10	1	1094	1130	70	154
19	11	far	11	1	1130	1178	70	154
19	12	don't	12	1	1178	1250	70	154
19	13	behave	13	1	1250	1356	70	154
19	14	quite	1	2	171	266	154	246
19	15	like	2	2	266	326	154	246
19	16	science's	3	2	326	445	154	246
19	17	best	4	2	445	506	154	246
19	18	current	5	2	506	602	154	246
19	19	models	6	2	602	685	154	246
19	20	"predict,"	7	2	685	792	154	246
19	21	so	8	2	792	830	154	246
19	22	stable	9	2	830	914	154	246
19	23	superheavy	10	2	914	1047	154	246
19	24	nuclei	11	2	1047	1130	154	246
19	25	are	12	2	1130	1178	154	246
19	26	likely	13	2	1178	1263	154	246
19	27	to	14	2	1263	1298	154	246
19	28	be	15	2	1298	1334	154	246
19	29	full	16	2	1334	1417	154	246
19	30	of	1	3	172	230	246	338
19	31	surprises.	2	3	230	360	246	338
19	32	Chemists	3	3	360	470	246	338
19	33	cannot	4	3	470	554	246	338
19	34	even	5	3	554	614	246	338
19	35	predict	6	3	614	709	246	338
19	36	with	7	3	709	770	246	338
19	37	any	8	3	770	819	246	338
19	38	certainty	9	3	819	938	246	338
19	39	whether	10	3	938	1034	246	338
19	40	these	11	3	1034	1105	246	338
19	41	materials	12	3	1105	1225	246	338
19	42	will	13	3	1225	1286	246	338
19	43	exist	14	3	1286	1358	246	338
19	44	as	15	3	1358	1416	246	338
19	45	"gases,"	1	4	172	276	338	422
19	46	"liquids,"	2	4	276	384	338	422
19	47	or	3	4	384	422	338	422
19	48	solids	4	4	422	506	338	422
19	49	at	5	4	506	543	338	422
19	50	room	6	4	543	603	338	422
19	51	temperature.	7	4	603	777	338	422
20	1	Buck	1	1	171	254	70	154
20	2	did	2	1	254	302	70	154
20	3	not	3	1	302	350	70	154
20	4	like	4	1	350	409	70	154
20	5	"it,"	5	1	409	456	70	154
20	6	but	6	1	456	506	70	154
20	7	he	7	1	506	541	70	154
20	8	bore	8	1	541	601	70	154
20	9	up	9	1	601	637	70	154
20	10	well	10	1	637	698	70	154
20	11	to	11	1	698	734	70	154
20	12	the	12	1	734	781	70	154
20	13	"work,"	13	1	781	852	70	154
20	14	taking	14	1	852	937	70	154
20	15	pride	15	1	937	1009	70	154
20	16	in	16	1	1009	1046	70	154
20	17	it.	17	1	1046	1092	70	154
20	18	It	18	1	1092	1129	70	154
20	19	was	19	1	1129	1178	70	154
20	20	a	20	1	1178	1202	70	154
20	21	monotonous	21	1	1202	1356	70	154
20	22	"life,"	1	2	172	264	154	246
20	23	operating	2	2	264	385	154	246
20	24	with	3	2	385	446	154	246
20	25	machine-like	4	2	446	602	154	246
20	26	regularity.	5	2	602	744	154	246
20	27	One	6	2	744	793	154	246
20	28	day	7	2	793	842	154	246
20	29	was	8	2	842	889	154	246
20	30	very	9	2	889	951	154	246
20	31	like	10	2	951	1010	154	246
20	32	another.	11	2	1010	1115	154	246
20	33	At	12	2	1115	1154	154	246
20	34	a	13	2	1154	1178	154	246
20	35	certain	14	2	1178	1274	154	246
20	36	time	15	2	1274	1334	154	246
20	37	each	16	2	1334	1417	154	246
20	38	morning	1	3	171	290	246	330
20	39	the	2	3	290	338	246	330
20	40	cooks	3	3	338	410	246	330
20	41	turned	4	3	410	494	246	330
20	42	"out,"	5	3	494	552	246	330
20	43	fires	6	3	552	625	246	330
20	44	were	7	3	625	685	246	330
20	45	"built,"	8	3	685	768	246	330
20	46	and	9	3	768	818	246	330
20	47	breakfast	10	3	818	937	246	330
20	48	was	11	3	937	986	246	330
20	49	eaten.	12	3	986	1089	246	330
21	1	These	1	1	171	265	70	154
21	2	"days,"	2	1	265	336	70	154
21	3	neuroscience	3	1	336	493	70	154
21	4	is	4	1	493	529	70	154
21	5	beginning	5	1	529	650	70	154
21	6	to	6	1	650	686	70	154
21	7	catch	7	1	686	758	70	154
21	8	up	8	1	758	794	70	154
21	9	to	9	1	794	830	70	154
21	10	musicians	10	1	830	949	70	154
21	11	who	11	1	949	998	70	154
21	12	practice	12	1	998	1105	70	154
21	13	mentally.	13	1	1105	1223	70	154
21	14	Although	14	1	1223	1334	70	154
21	15	the	15	1	1334	1404	70	154
21	16	details	1	2	171	290	154	246
21	17	are	2	2	290	338	154	246
21	18	still	3	2	338	410	154	246
21	19	somewhat	4	2	410	518	154	246
21	20	"elusive,"	5	2	518	624	154	246
21	21	the	6	2	624	674	154	246
21	22	key	7	2	674	723	154	246
21	23	to	8	2	723	758	154	246
21	24	the	9	2	758	806	154	246
21	25	success	10	2	806	902	154	246
21	26	of	11	2	902	938	154	246
21	27	mental	12	2	938	1022	154	246
21	28	imagery	13	2	1022	1119	154	246
21	29	as	14	2	1119	1154	154	246
21	30	a	15	2	1154	1179	154	246
21	31	rehearsal	16	2	1179	1321	154	246
21	32	technique	1	3	172	313	246	338
21	33	is	2	3	313	350	246	338
21	34	that	3	3	350	410	246	338
21	35	most	4	3	410	470	246	338
21	36	of	5	3	470	506	246	338
21	37	the	6	3	506	554	246	338
21	38	same	7	3	554	614	246	338
21	39	neurological	8	3	614	771	246	338
21	40	regions	9	3	771	866	246	338
21	41	are	10	3	866	913	246	338
21	42	invoked	11	3	913	1010	246	338
21	43	by	12	3	1010	1046	246	338
21	44	mental	13	3	1046	1130	246	338
21	45	practice	14	3	1130	1238	246	338
21	46	as	15	3	1238	1273	246	338
21	47	by	16	3	1273	1311	246	338
21	48	real	17	3	1311	1393	246	338
21	49	practice.	1	4	171	333	338	422
22	1	Not	1	1	170	242	70	154
22	2	only	2	1	242	303	70	154
22	3	smoke	3	1	303	374	70	154
22	4	came	4	1	374	434	70	154
22	5	out	5	1	434	482	70	154
22	6	of	6	1	482	518	70	154
22	7	it.	7	1	518	564	70	154
22	8	There	8	1	564	638	70	154
22	9	came	9	1	638	698	70	154
22	10	also	10	1	698	758	70	154
22	11	children's	11	1	758	889	70	154
22	12	"voices,"	12	1	889	984	70	154
22	13	for	13	1	984	1034	70	154
22	14	so	14	1	1034	1070	70	154
22	15	safe	15	1	1070	1129	70	154
22	16	did	16	1	1129	1178	70	154
22	17	the	17	1	1178	1225	70	154
22	18	boys	18	1	1225	1286	70	154
22	19	feel	19	1	1286	1346	70	154
22	20	in	20	1	1346	1405	70	154
22	21	their	1	2	172	266	154	246
22	22	hiding-place	2	2	266	422	154	246
22	23	that	3	2	422	482	154	246
22	24	they	4	2	482	542	154	246
22	25	were	5	2	542	602	154	246
22	26	gaily	6	2	602	675	154	246
22	27	chattering.	7	2	675	816	154	246
22	28	The	8	2	816	865	154	246
22	29	pirates	9	2	865	962	154	246
22	30	listened	10	2	962	1070	154	246
22	31	"grimly,"	11	2	1070	1164	154	246
22	32	and	12	2	1164	1214	154	246
22	33	then	13	2	1214	1275	154	246
22	34	replaced	14	2	1275	1405	154	246
22	35	the	1	3	172	241	246	330
22	36	mushroom.	2	3	241	360	246	330
22	37	They	3	3	360	423	246	330
22	38	looked	4	3	423	506	246	330
22	39	around	5	3	506	590	246	330
22	40	them	6	3	590	651	246	330
22	41	and	7	3	651	698	246	330
22	42	noted	8	3	698	770	246	330
22	43	the	9	3	770	818	246	330
22	44	holes	10	3	818	889	246	330
22	45	in	11	3	889	926	246	330
22	46	the	12	3	926	974	246	330
22	47	seven	13	3	974	1046	246	330
22	48	trees.	14	3	1046	1149	246	330
23	1	When	1	1	170	254	70	154
23	2	a	2	1	254	278	70	154
23	3	nucleus	3	1	278	374	70	154
23	4	has	4	1	374	422	70	154
23	5	all	5	1	422	470	70	154
23	6	of	6	1	470	506	70	154
23	7	its	7	1	506	553	70	154
23	8	proton	8	1	553	638	70	154
23	9	shells	9	1	638	722	70	154
23	10	or	10	1	722	758	70	154
23	11	neutron	11	1	758	854	70	154
23	12	shells	12	1	854	938	70	154
23	13	loaded	13	1	938	1022	70	154
23	14	to	14	1	1022	1058	70	154
23	15	full	15	1	1058	1118	70	154
23	16	"capacity,"	16	1	1118	1236	70	154
23	17	the	17	1	1236	1286	70	154
23	18	layers	18	1	1286	1392	70	154
23	19	can	1	2	172	242	154	246
23	20	align	2	2	242	314	154	246
23	21	so	3	2	314	349	154	246
23	22	well	4	2	349	410	154	246
23	23	that	5	2	410	470	154	246
23	24	each	6	2	470	530	154	246
23	25	shell	7	2	530	602	154	246
23	26	can	8	2	602	650	154	246
23	27	spoon	9	2	650	722	154	246
23	28	intimately	10	2	722	854	154	246
23	29	with	11	2	854	914	154	246
23	30	its	12	2	914	962	154	246
23	31	attractive	13	2	962	1094	154	246
23	32	"neighbors,"	14	2	1094	1224	154	246
23	33	forming	15	2	1224	1322	154	246
23	34	a	16	2	1322	1369	154	246
23	35	more	1	3	171	254	246	330
23	36	compact	2	3	254	350	246	330
23	37	sphere	3	3	350	434	246	330
23	38	that	4	3	434	494	246	330
23	39	fits	5	3	494	553	246	330
23	40	well	6	3	553	613	246	330
23	41	within	7	3	613	698	246	330
23	42	the	8	3	698	746	246	330
23	43	strong	9	3	746	830	246	330
23	44	nuclear	10	3	830	926	246	330
23	45	force's	11	3	926	1022	246	330
23	46	area	12	3	1022	1082	246	330
23	47	of	13	3	1082	1118	246	330
23	48	influence.	14	3	1118	1269	246	330
24	1	Hybrid	1	1	170	277	70	154
24	2	vehicles	2	1	277	386	70	154
24	3	have	3	1	386	446	70	154
24	4	a	4	1	446	470	70	154
24	5	halo	5	1	470	530	70	154
24	6	that	6	1	530	590	70	154
24	7	makes	7	1	590	662	70	154
24	8	owners	8	1	662	746	70	154
24	9	feel	9	1	746	807	70	154
24	10	righteous	10	1	807	926	70	154
24	11	and	11	1	926	974	70	154
24	12	their	12	1	974	1046	70	154
24	13	neighbors	13	1	1046	1166	70	154
24	14	feel	14	1	1166	1226	70	154
24	15	guilty	15	1	1226	1311	70	154
24	16	for	16	1	1311	1381	70	154
24	17	not	1	2	172	242	154	246
24	18	doing	2	2	242	314	154	246
24	19	as	3	2	314	349	154	246
24	20	much	4	2	349	410	154	246
24	21	to	5	2	410	446	154	246
24	22	save	6	2	446	506	154	246
24	23	the	7	2	506	553	154	246
24	24	planet.	8	2	553	648	154	246
24	25	They	9	2	648	711	154	246
24	26	also	10	2	711	770	154	246
24	27	cost	11	2	770	830	154	246
24	28	more	12	2	830	890	154	246
24	29	and	13	2	890	938	154	246
24	30	a	14	2	938	962	154	246
24	31	new	15	2	962	1011	154	246
24	32	report	16	2	1011	1094	154	246
24	33	from	17	2	1094	1155	154	246
24	34	the	18	2	1155	1201	154	246
24	35	very	19	2	1201	1263	154	246
24	36	green	20	2	1263	1357	154	246
24	37	Union	1	3	171	266	246	330
24	38	of	2	3	266	302	246	330
24	39	Concerned	3	3	302	422	246	330
24	40	Scientists	4	3	422	554	246	330
24	41	says	5	3	554	613	246	330
24	42	buyers	6	3	613	698	246	330
24	43	aren't	7	3	698	782	246	330
24	44	always	8	3	782	866	246	330
24	45	getting	9	3	866	962	246	330
24	46	their	10	3	962	1034	246	330
24	47	money's	11	3	1034	1129	246	330
24	48	worth.	12	3	1129	1233	246	330
25	1	The	1	1	171	242	70	154
25	2	girl's	2	1	242	326	70	154
25	3	feet	3	1	326	385	70	154
25	4	were	4	1	385	446	70	154
25	5	then	5	1	446	507	70	154
25	6	re-wrapped	6	1	507	638	70	154
25	7	even	7	1	638	698	70	154
25	8	tighter	8	1	698	794	70	154
25	9	than	9	1	794	854	70	154
25	10	"before,"	10	1	854	948	70	154
25	11	causing	11	1	948	1046	70	154
25	12	her	12	1	1046	1094	70	154
25	13	footprint	13	1	1094	1214	70	154
25	14	to	14	1	1214	1250	70	154
25	15	shrink	15	1	1250	1357	70	154
25	16	further	1	2	172	290	154	246
25	17	as	2	2	290	326	154	246
25	18	the	3	2	326	373	154	246
25	19	bones	4	2	373	446	154	246
25	20	slowly	5	2	446	531	154	246
25	21	fused	6	2	531	602	154	246
25	22	into	7	2	602	662	154	246
25	23	their	8	2	662	734	154	246
25	24	new	9	2	734	783	154	246
25	25	configuration.	10	2	783	960	154	246
25	26	Occasionally	11	2	960	1119	154	246
25	27	girls'	12	2	1119	1200	154	246
25	28	feet	13	2	1200	1261	154	246
25	29	would	14	2	1261	1357	154	246
25	30	"fester,"	1	3	172	288	246	338
25	31	and	2	3	288	338	246	338
25	32	blood	3	3	338	410	246	338
25	33	poisoning	4	3	410	530	246	338
25	34	from	5	3	530	591	246	338
25	35	gangrene	6	3	591	698	246	338
25	36	could	7	3	698	770	246	338
25	37	be	8	3	770	806	246	338
25	38	a	9	3	806	830	246	338
25	39	cause	10	3	830	902	246	338
25	40	for	11	3	902	950	246	338
25	41	"concern,"	12	3	950	1056	246	338
25	42	but	13	3	1056	1106	246	338
25	43	an	14	3	1106	1142	246	338
25	44	estimated	15	3	1142	1262	246	338
25	45	90%	16	3	1262	1331	246	338
25	46	survived	1	4	172	302	338	422
25	47	the	2	4	302	349	338	422
25	48	process.	3	4	349	477	338	422
26	1	An	1	1	170	230	70	154
26	2	early	2	1	230	303	70	154
26	3	task	3	1	303	361	70	154
26	4	will	4	1	361	422	70	154
26	5	be	5	1	422	458	70	154
26	6	to	6	1	458	494	70	154
26	7	make	7	1	494	554	70	154
26	8	sure	8	1	554	614	70	154
26	9	the	9	1	614	662	70	154
26	10	newfound	10	1	662	770	70	154
26	11	microbes	11	1	770	877	70	154
26	12	were	12	1	877	938	70	154
26	13	not	13	1	938	986	70	154
26	14	introduced	14	1	986	1117	70	154
26	15	while	15	1	1117	1189	70	154
26	16	drilling	16	1	1189	1298	70	154
26	17	through	17	1	1298	1417	70	154
26	18	the	1	2	172	241	154	246
26	19	ice	2	2	241	289	154	246
26	20	into	3	2	289	350	154	246
26	21	the	4	2	350	398	154	246
26	22	"lake,"	5	2	398	467	154	246
26	23	which	6	2	467	542	154	246
26	24	involved	7	2	542	650	154	246
26	25	a	8	2	650	674	154	246
26	26	hot-water	9	2	674	794	154	246
26	27	drilling	10	2	794	902	154	246
26	28	technique	11	2	902	1021	154	246
26	29	designed	12	2	1021	1130	154	246
26	30	to	13	2	1130	1166	154	246
26	31	greatly	14	2	1166	1263	154	246
26	32	reduce	15	2	1263	1346	154	246
26	33	or	16	2	1346	1405	154	246
26	34	eliminate	1	3	172	314	246	338
26	35	any	2	3	314	363	246	338
26	36	contamination	3	3	363	530	246	338
26	37	that	4	3	530	590	246	338
26	38	might	5	3	590	662	246	338
26	39	come	6	3	662	722	246	338
26	40	from	7	3	722	783	246	338
26	41	other	8	3	783	854	246	338
26	42	kerosene-based	9	3	854	1034	246	338
26	43	drilling	10	3	1034	1142	246	338
26	44	"technology,"	11	3	1142	1305	246	338
26	45	Christner	1	4	171	314	338	418
26	46	said.	2	4	314	405	338	418
27	1	Very	1	1	170	255	70	154
27	2	"similar,"	2	1	255	360	70	154
27	3	but	3	1	360	410	70	154
27	4	even	4	1	410	470	70	154
27	5	more	5	1	470	530	70	154
27	6	"striking,"	6	1	530	648	70	154
27	7	is	7	1	648	686	70	154
27	8	the	8	1	686	734	70	154
27	9	evidence	9	1	734	842	70	154
27	10	from	10	1	842	903	70	154
27	11	athletic	11	1	903	1010	70	154
27	12	training.	12	1	1010	1127	70	154
27	13	As	13	1	1127	1165	70	154
27	14	with	14	1	1165	1227	70	154
27	15	rehearsing	15	1	1227	1358	70	154
27	16	a	16	1	1358	1405	70	154
27	17	piece	1	2	171	266	154	245
27	18	on	2	2	266	302	154	245
27	19	the	3	2	302	349	154	245
27	20	"piano,"	4	2	349	432	154	245
27	21	practicing	5	2	432	566	154	245
27	22	a	6	2	566	590	154	245
27	23	complex	7	2	590	686	154	245
27	24	physical	8	2	686	794	154	245
27	25	task	9	2	794	854	154	245
27	26	in	10	2	854	890	154	245
27	27	the	11	2	890	937	154	245
27	28	mind	12	2	937	998	154	245
27	29	alone	13	2	998	1069	154	245
27	30	is	14	2	1069	1106	154	245
27	31	nearly	15	2	1106	1191	154	245
27	32	as	16	2	1191	1226	154	245
27	33	effective	17	2	1226	1346	154	245
27	34	a	18	2	1346	1393	154	245
27	35	learning	1	3	172	302	245	330
27	36	strategy	2	3	302	411	245	330
27	37	as	3	3	411	446	245	330
27	38	actually	4	3	446	554	245	330
27	39	physically	5	3	554	686	245	330
27	40	doing	6	3	686	757	245	330
27	41	it.	7	3	757	804	245	330
27	42	But	8	3	804	854	245	330
27	43	it	9	3	854	890	245	330
27	44	doesn?t	10	3	890	986	245	330
27	45	stop	11	3	986	1046	245	330
27	46	there.	12	3	1046	1149	245	330
28	1	A	1	1	170	218	70	153
28	2	bill	2	1	218	277	70	153
28	3	was	3	1	277	325	70	153
28	4	drafted	4	1	325	422	70	153
28	5	and	5	1	422	470	70	153
28	6	introduced	6	1	470	602	70	153
28	7	into	7	1	602	662	70	153
28	8	Parliament	8	1	662	794	70	153
28	9	several	9	1	794	890	70	153
28	10	times	10	1	890	961	70	153
28	11	but	11	1	961	1010	70	153
28	12	met	12	1	1010	1057	70	153
28	13	with	13	1	1057	1118	70	153
28	14	great	14	1	1118	1190	70	153
28	15	"opposition,"	15	1	1190	1353	70	153
28	16	mostly	1	2	171	279	153	246
28	17	from	2	2	279	339	153	246
28	18	farmers.	3	2	339	444	153	246
28	19	"Eventually,"	4	2	444	588	153	246
28	20	in	5	2	588	626	153	246
28	21	"1925,"	6	2	626	696	153	246
28	22	it	7	2	696	733	153	246
28	23	was	8	2	733	781	153	246
28	24	decided	9	2	781	878	153	246
28	25	that	10	2	878	938	153	246
28	26	summer	11	2	938	1022	153	246
28	27	time	12	2	1022	1082	153	246
28	28	should	13	2	1082	1166	153	246
28	29	begin	14	2	1166	1238	153	246
28	30	on	15	2	1238	1274	153	246
28	31	the	16	2	1274	1321	153	246
28	32	day	17	2	1321	1394	153	246
28	33	following	1	3	172	314	246	330
28	34	the	2	3	314	362	246	330
28	35	third	3	3	362	434	246	330
28	36	Saturday	4	3	434	542	246	330
28	37	in	5	3	542	577	246	330
28	38	April	6	3	577	650	246	330
28	39	and	7	3	650	698	246	330
28	40	close	8	3	698	770	246	330
28	41	after	9	3	770	842	246	330
28	42	the	10	3	842	890	246	330
28	43	first	11	3	890	962	246	330
28	44	Saturday	12	3	962	1070	246	330
28	45	in	13	3	1070	1106	246	330
28	46	October.	14	3	1106	1233	246	330
29	1	When	1	1	170	254	70	154
29	2	early	2	1	254	326	70	154
29	3	Europeans	3	1	326	445	70	154
29	4	discovered	4	1	445	578	70	154
29	5	Easter	5	1	578	662	70	154
29	6	"Island,"	6	1	662	756	70	154
29	7	its	7	1	756	806	70	154
29	8	somewhat	8	1	806	914	70	154
29	9	isolated	9	1	914	1022	70	154
29	10	ecosystem	10	1	1022	1142	70	154
29	11	was	11	1	1142	1190	70	154
29	12	suffering	12	1	1190	1310	70	154
29	13	from	13	1	1310	1394	70	154
29	14	the	1	2	172	242	154	246
29	15	effects	2	2	242	338	154	246
29	16	of	3	2	338	374	154	246
29	17	limited	4	2	374	470	154	246
29	18	natural	5	2	470	567	154	246
29	19	"resources,"	6	2	567	696	154	246
29	20	"deforestation,"	7	2	696	876	154	246
29	21	and	8	2	876	926	154	246
29	22	overpopulation.	9	2	926	1116	154	246
29	23	Over	10	2	1116	1178	154	246
29	24	the	11	2	1178	1226	154	246
29	25	following	12	2	1226	1368	154	246
29	26	years	1	3	170	266	246	338
29	27	the	2	3	266	313	246	338
29	28	island's	3	3	313	421	246	338
29	29	population	4	3	421	554	246	338
29	30	of	5	3	554	590	246	338
29	31	four	6	3	590	650	246	338
29	32	thousand	7	3	650	758	246	338
29	33	or	8	3	758	794	246	338
29	34	so	9	3	794	829	246	338
29	35	was	10	3	829	878	246	338
29	36	slowly	11	3	878	963	246	338
29	37	eroded	12	3	963	1046	246	338
29	38	by	13	3	1046	1082	246	338
29	39	Western	14	3	1082	1178	246	338
29	40	disease	15	3	1178	1274	246	338
29	41	and	16	3	1274	1345	246	338
29	42	deportation	1	4	171	338	338	422
29	43	by	2	4	338	375	338	422
29	44	slave	3	4	375	446	338	422
29	45	traders.	4	4	446	573	338	422
30	1	Binge	1	1	171	265	70	154
30	2	drinking	2	1	265	373	70	154
30	3	may	3	1	373	423	70	154
30	4	not	4	1	423	470	70	154
30	5	necessarily	5	1	470	615	70	154
30	6	kill	6	1	615	674	70	154
30	7	or	7	1	674	710	70	154
30	8	even	8	1	710	770	70	154
30	9	damage	9	1	770	853	70	154
30	10	brain	10	1	853	926	70	154
30	11	"cells,"	11	1	926	1008	70	154
30	12	as	12	1	1008	1046	70	154
30	13	commonly	13	1	1046	1155	70	154
30	14	"thought,"	14	1	1155	1260	70	154
30	15	a	15	1	1260	1286	70	154
30	16	new	16	1	1286	1358	70	154
30	17	animal	1	2	172	278	154	246
30	18	study	2	2	278	351	154	246
30	19	suggests.	3	2	351	468	154	246
30	20	But	4	2	468	518	154	246
30	21	it	5	2	518	554	154	246
30	22	can	6	2	554	602	154	246
30	23	block	7	2	602	674	154	246
30	24	key	8	2	674	723	154	246
30	25	receptors	9	2	723	841	154	246
30	26	in	10	2	841	878	154	246
30	27	the	11	2	878	925	154	246
30	28	brain	12	2	925	998	154	246
30	29	and	13	2	998	1046	154	246
30	30	trigger	14	2	1046	1142	154	246
30	31	production	15	2	1142	1274	154	246
30	32	of	16	2	1274	1310	154	246
30	33	a	17	2	1310	1357	154	246
30	34	steroid	1	3	172	290	246	330
30	35	that	2	3	290	350	246	330
30	36	interferes	3	3	350	481	246	330
30	37	with	4	3	481	542	246	330
30	38	brain	5	3	542	614	246	330
30	39	functions	6	3	614	734	246	330
30	40	critical	7	3	734	842	246	330
30	41	to	8	3	842	878	246	330
30	42	learning	9	3	878	986	246	330
30	43	and	10	3	986	1034	246	330
30	44	memory.	11	3	1034	1149	246	330
31	1	When	1	1	170	254	70	154
31	2	preparing	2	1	254	374	70	154
31	3	to	3	1	374	410	70	154
31	4	check	4	1	410	482	70	154
31	5	out	5	1	482	530	70	154
31	6	of	6	1	530	566	70	154
31	7	their	7	1	566	638	70	154
31	8	hotel	8	1	638	711	70	154
31	9	"room,"	9	1	711	780	70	154
31	10	some	10	1	780	842	70	154
31	11	frequent	11	1	842	950	70	154
31	12	travelers	12	1	950	1069	70	154
31	13	pile	13	1	1069	1129	70	154
31	14	up	14	1	1129	1166	70	154
31	15	their	15	1	1166	1238	70	154
31	16	used	16	1	1238	1298	70	154
31	17	bath	17	1	1298	1381	70	154
31	18	towels	1	2	172	278	154	246
31	19	on	2	2	278	314	154	246
31	20	the	3	2	314	361	154	246
31	21	bathroom	4	2	361	471	154	246
31	22	"floor,"	5	2	471	551	154	246
31	23	which	6	2	551	625	154	246
31	24	would	7	2	625	698	154	246
31	25	make	8	2	698	758	154	246
31	26	them	9	2	758	819	154	246
31	27	easy	10	2	819	879	154	246
31	28	for	11	2	879	926	154	246
31	29	housekeepers	12	2	926	1082	154	246
31	30	to	13	2	1082	1118	154	246
31	31	spot.	14	2	1118	1188	154	246
31	32	Other	15	2	1188	1262	154	246
31	33	travelers	16	2	1262	1404	154	246
31	34	neatly	1	3	172	279	246	330
31	35	fold	2	3	279	338	246	330
31	36	"them,"	3	3	338	408	246	330
31	37	or	4	3	408	446	246	330
31	38	hang	5	3	446	506	246	330
31	39	them	6	3	506	567	246	330
31	40	from	7	3	567	627	246	330
31	41	the	8	3	627	674	246	330
31	42	shower	9	3	674	758	246	330
31	43	curtain	10	3	758	854	246	330
31	44	pole.	11	3	854	945	246	330
32	1	In	1	1	171	230	70	153
32	2	no	2	1	230	266	70	153
32	3	celestial	3	1	266	386	70	153
32	4	"hurry,"	4	1	386	467	70	153
32	5	Neptune	5	1	467	566	70	153
32	6	has	6	1	566	614	70	153
32	7	just	7	1	614	674	70	153
32	8	completed	8	1	674	794	70	153
32	9	its	9	1	794	842	70	153
32	10	first	10	1	842	914	70	153
32	11	orbit	11	1	914	986	70	153
32	12	around	12	1	986	1070	70	153
32	13	the	13	1	1070	1118	70	153
32	14	sun	14	1	1118	1166	70	153
32	15	since	15	1	1166	1237	70	153
32	16	being	16	1	1237	1332	70	153
32	17	discovered	1	2	171	326	153	246
32	18	165	2	2	326	373	153	246
32	19	years	3	2	373	446	153	246
32	20	ago	4	2	446	494	153	246
32	21	by	5	2	494	530	153	246
32	22	Earthlings.	6	2	530	671	153	246
32	23	As	7	2	671	710	153	246
32	24	Space.com	8	2	710	831	153	246
32	25	"notes,"	9	2	831	912	153	246
32	26	the	10	2	912	961	153	246
32	27	big	11	2	961	1009	153	246
32	28	blue-green	12	2	1009	1142	153	246
32	29	gas	13	2	1142	1189	153	246
32	30	bag	14	2	1189	1237	153	246
32	31	is	15	2	1237	1274	153	246
32	32	the	16	2	1274	1322	153	246
32	33	only	17	2	1322	1406	153	246
32	34	planet	1	3	171	278	246	330
32	35	in	2	3	278	314	246	330
32	36	our	3	3	314	362	246	330
32	37	solar	4	3	362	434	246	330
32	38	system	5	3	434	519	246	330
32	39	to	6	3	519	554	246	330
32	40	be	7	3	554	589	246	330
32	41	discovered	8	3	589	722	246	330
32	42	by	9	3	722	758	246	330
32	43	mathematics.	10	3	758	933	246	330
33	1	When	1	1	170	254	70	154
33	2	"attacked,"	2	1	254	372	70	154
33	3	a	3	1	372	398	70	154
33	4	skunk's	4	1	398	494	70	154
33	5	natural	5	1	494	590	70	154
33	6	inclination	6	1	590	734	70	154
33	7	is	7	1	734	770	70	154
33	8	to	8	1	770	806	70	154
33	9	turn	9	1	806	866	70	154
33	10	"around,"	10	1	866	960	70	154
33	11	lick	11	1	960	1022	70	154
33	12	its	12	1	1022	1070	70	154
33	13	tail	13	1	1070	1130	70	154
33	14	and	14	1	1130	1178	70	154
33	15	spray	15	1	1178	1251	70	154
33	16	a	16	1	1251	1274	70	154
33	17	noxious	17	1	1274	1392	70	154
33	18	scent.	1	2	172	276	154	246
33	19	That	2	2	276	337	154	246
33	20	works	3	2	337	409	154	246
33	21	when	4	2	409	470	154	246
33	22	a	5	2	470	494	154	246
33	23	skunk	6	2	494	566	154	246
33	24	faces	7	2	566	638	154	246
33	25	a	8	2	638	662	154	246
33	26	natural	9	2	662	758	154	246
33	27	predator	10	2	758	866	154	246
33	28	in	11	2	866	902	154	246
33	29	the	12	2	902	949	154	246
33	30	"wild,"	13	2	949	1020	154	246
33	31	but	14	2	1020	1070	154	246
33	32	it's	15	2	1070	1130	154	246
33	33	not	16	2	1130	1178	154	246
33	34	as	17	2	1178	1214	154	246
33	35	helpful	18	2	1214	1309	154	246
33	36	when	19	2	1309	1393	154	246
33	37	faced	1	3	172	265	246	330
33	38	"with,"	2	3	265	336	246	330
33	39	let's	3	3	336	410	246	330
33	40	"say,"	4	3	410	468	246	330
33	41	an	5	3	468	506	246	330
33	42	oncoming	6	3	506	614	246	330
33	43	car.	7	3	614	693	246	330
34	1	Lady	1	1	171	254	70	154
34	2	Gaga's	2	1	254	337	70	154
34	3	YouTube	3	1	337	434	70	154
34	4	account	4	1	434	529	70	154
34	5	was	5	1	529	578	70	154
34	6	suspended	6	1	578	698	70	154
34	7	Thursday.	7	1	698	816	70	154
34	8	The	8	1	816	866	70	154
34	9	notice	9	1	866	950	70	154
34	10	read	10	1	950	1010	70	154
34	11	that	11	1	1010	1070	70	154
34	12	the	12	1	1070	1118	70	154
34	13	suspension	13	1	1118	1249	70	154
34	14	was	14	1	1249	1297	70	154
34	15	due	15	1	1297	1346	70	154
34	16	to	16	1	1346	1405	70	154
34	17	multiple	1	2	172	314	154	246
34	18	or	2	2	314	350	154	246
34	19	severe	3	2	350	433	154	246
34	20	violations	4	2	433	566	154	246
34	21	of	5	2	566	602	154	246
34	22	YouTube's	6	2	602	722	154	246
34	23	copyright	7	2	722	842	154	246
34	24	policy.	8	2	842	949	154	246
34	25	The	9	2	949	997	154	246
34	26	Google	10	2	997	1082	154	246
34	27	Inc.-owned	11	2	1082	1214	154	246
34	28	YouTube	12	2	1214	1332	154	246
34	29	declined	1	3	171	302	246	330
34	30	to	2	3	302	338	246	330
34	31	comment.	3	3	338	444	246	330
34	32	It's	4	3	444	505	246	330
34	33	YouTube	5	3	505	601	246	330
34	34	policy	6	3	601	687	246	330
34	35	to	7	3	687	723	246	330
34	36	remove	8	3	723	806	246	330
34	37	accounts	9	3	806	914	246	330
34	38	after	10	3	914	986	246	330
34	39	three	11	3	986	1058	246	330
34	40	copyright	12	3	1058	1177	246	330
34	41	violations.	13	3	1177	1341	246	330
35	1	The	1	1	171	242	70	154
35	2	astronauts	2	1	242	373	70	154
35	3	used	3	1	373	434	70	154
35	4	a	4	1	434	458	70	154
35	5	hefty	5	1	458	531	70	154
35	6	robotic	6	1	531	626	70	154
35	7	arm	7	1	626	675	70	154
35	8	to	8	1	675	710	70	154
35	9	move	9	1	710	770	70	154
35	10	the	10	1	770	817	70	154
35	11	bus-size	11	1	817	926	70	154
35	12	"canister,"	12	1	926	1044	70	154
35	13	stuffed	13	1	1044	1141	70	154
35	14	with	14	1	1141	1202	70	154
35	15	nearly	15	1	1202	1287	70	154
35	16	three	16	1	1287	1380	70	154
35	17	tons	1	2	172	254	154	246
35	18	of	2	2	254	290	154	246
35	19	packing	3	2	290	386	154	246
35	20	foam	4	2	386	447	154	246
35	21	and	5	2	447	494	154	246
35	22	other	6	2	494	566	154	246
35	23	space	7	2	566	638	154	246
35	24	station	8	2	638	735	154	246
35	25	refuse.	9	2	735	828	154	246
35	26	It	10	2	828	865	154	246
35	27	was	11	2	865	914	154	246
35	28	the	12	2	914	962	154	246
35	29	last	13	2	962	1022	154	246
35	30	job	14	2	1022	1070	154	246
35	31	shared	15	2	1070	1154	154	246
35	32	by	16	2	1154	1191	154	246
35	33	the	17	2	1191	1238	154	246
35	34	shuttle	18	2	1238	1334	154	246
35	35	and	19	2	1334	1405	154	246
35	36	station	1	3	172	290	246	330
35	37	"crews,"	2	3	290	372	246	330
35	38	numbering	3	3	372	494	246	330
35	39	ten	4	3	494	542	246	330
35	40	astronauts	5	3	542	674	246	330
35	41	altogether.	6	3	674	837	246	330
36	1	Rich	1	1	171	254	70	153
36	2	investors	2	1	254	373	70	153
36	3	with	3	1	373	434	70	153
36	4	no	4	1	434	470	70	153
36	5	ties	5	1	470	530	70	153
36	6	to	6	1	530	566	70	153
36	7	"farming,"	7	1	566	672	70	153
36	8	no	8	1	672	710	70	153
36	9	dirt	9	1	710	770	70	153
36	10	under	10	1	770	842	70	153
36	11	their	11	1	842	914	70	153
36	12	"nails,"	12	1	914	996	70	153
36	13	are	13	1	996	1046	70	153
36	14	confident	14	1	1046	1166	70	153
36	15	enough	15	1	1166	1250	70	153
36	16	to	16	1	1250	1285	70	153
36	17	wager	17	1	1285	1381	70	153
36	18	big	1	2	171	242	153	246
36	19	on	2	2	242	278	153	246
36	20	a	3	2	278	302	153	246
36	21	patch	4	2	302	374	153	246
36	22	of	5	2	374	410	153	246
36	23	earth	6	2	410	481	153	246
36	24	?	7	2	481	506	153	246
36	25	betting	8	2	506	602	153	246
36	26	that	9	2	602	662	153	246
36	27	it's	10	2	662	722	153	246
36	28	a	11	2	722	746	153	246
36	29	smart	12	2	746	818	153	246
36	30	investment	13	2	818	950	153	246
36	31	because	14	2	950	1046	153	246
36	32	food	15	2	1046	1105	153	246
36	33	will	16	2	1105	1166	153	246
36	34	only	17	2	1166	1227	153	246
36	35	get	18	2	1227	1274	153	246
36	36	more	19	2	1274	1356	153	246
36	37	expensive	1	3	172	314	246	330
36	38	around	2	3	314	398	246	330
36	39	the	3	3	398	445	246	330
36	40	world.	4	3	445	549	246	330
37	1	John	1	1	171	253	70	152
37	2	Thornton	2	1	253	362	70	152
37	3	asked	3	1	362	434	70	152
37	4	little	4	1	434	518	70	152
37	5	of	5	1	518	554	70	152
37	6	man	6	1	554	602	70	152
37	7	or	7	1	602	638	70	152
37	8	nature.	8	1	638	731	70	152
37	9	He	9	1	731	769	70	152
37	10	was	10	1	769	817	70	152
37	11	unafraid	11	1	817	926	70	152
37	12	of	12	1	926	962	70	152
37	13	the	13	1	962	1009	70	152
37	14	wild.	14	1	1009	1079	70	152
37	15	With	15	1	1079	1142	70	152
37	16	a	16	1	1142	1166	70	152
37	17	handful	17	1	1166	1262	70	152
37	18	of	18	1	1262	1298	70	152
37	19	salt	19	1	1298	1381	70	152
37	20	and	1	2	172	242	152	246
37	21	a	2	2	242	267	152	246
37	22	rifle	3	2	267	338	152	246
37	23	he	4	2	338	374	152	246
37	24	could	5	2	374	446	152	246
37	25	plunge	6	2	446	529	152	246
37	26	into	7	2	529	590	152	246
37	27	the	8	2	590	637	152	246
37	28	wilderness	9	2	637	770	152	246
37	29	and	10	2	770	818	152	246
37	30	fare	11	2	818	877	152	246
37	31	wherever	12	2	877	986	152	246
37	32	he	13	2	986	1021	152	246
37	33	pleased	14	2	1021	1118	152	246
37	34	and	15	2	1118	1166	152	246
37	35	as	16	2	1166	1202	152	246
37	36	long	17	2	1202	1262	152	246
37	37	as	18	2	1262	1298	152	246
37	38	he	19	2	1298	1356	152	246
37	39	pleased.	1	3	171	321	246	330
38	1	All	1	1	170	242	70	154
38	2	that	2	1	242	302	70	154
38	3	the	3	1	302	349	70	154
38	4	brain	4	1	349	422	70	154
38	5	has	5	1	422	470	70	154
38	6	to	6	1	470	505	70	154
38	7	work	7	1	505	565	70	154
38	8	with	8	1	565	626	70	154
38	9	are	9	1	626	673	70	154
38	10	imperfect	10	1	673	794	70	154
38	11	incoming	11	1	794	902	70	154
38	12	electrical	12	1	902	1034	70	154
38	13	impulses	13	1	1034	1142	70	154
38	14	announcing	14	1	1142	1274	70	154
38	15	that	15	1	1274	1357	70	154
38	16	things	1	2	172	278	154	246
38	17	are	2	2	278	326	154	246
38	18	happening.	3	2	326	456	154	246
38	19	It	4	2	456	494	154	246
38	20	is	5	2	494	530	154	246
38	21	then	6	2	530	590	154	246
38	22	the	7	2	590	638	154	246
38	23	job	8	2	638	686	154	246
38	24	of	9	2	686	722	154	246
38	25	neurons	10	2	722	818	154	246
38	26	to	11	2	818	855	154	246
38	27	rapidly	12	2	855	950	154	246
38	28	interpret	13	2	950	1070	154	246
38	29	these	14	2	1070	1142	154	246
38	30	signals	15	2	1142	1238	154	246
38	31	as	16	2	1238	1273	154	246
38	32	well	17	2	1273	1334	154	246
38	33	as	18	2	1334	1392	154	246
38	34	they	1	3	172	255	246	330
38	35	"can,"	2	3	255	312	246	330
38	36	and	3	3	312	362	246	330
38	37	suggest	4	3	362	458	246	330
38	38	how	5	3	458	507	246	330
38	39	to	6	3	507	543	246	330
38	40	react.	7	3	543	645	246	330
39	1	That's	1	1	171	277	70	154
39	2	because	2	1	277	373	70	154
39	3	when	3	1	373	434	70	154
39	4	immigrants	4	1	434	566	70	154
39	5	from	5	1	566	627	70	154
39	6	a	6	1	627	650	70	154
39	7	particular	7	1	650	782	70	154
39	8	cultural	8	1	782	890	70	154
39	9	group	9	1	890	962	70	154
39	10	move	10	1	962	1021	70	154
39	11	into	11	1	1021	1082	70	154
39	12	a	12	1	1082	1106	70	154
39	13	new	13	1	1106	1155	70	154
39	14	"one,"	14	1	1155	1212	70	154
39	15	they	15	1	1212	1274	70	154
39	16	bring	16	1	1274	1368	70	154
39	17	genetic	1	2	172	290	154	246
39	18	diversity	2	2	290	411	154	246
39	19	"that,"	3	2	411	480	154	246
39	20	if	4	2	480	518	154	246
39	21	the	5	2	518	565	154	246
39	22	immigrants	6	2	565	698	154	246
39	23	have	7	2	698	758	154	246
39	24	"children,"	8	2	758	876	154	246
39	25	get	9	2	876	926	154	246
39	26	mixed	10	2	926	998	154	246
39	27	"around,"	11	2	998	1092	154	246
39	28	changing	12	2	1092	1202	154	246
39	29	the	13	2	1202	1250	154	246
39	30	new	14	2	1250	1322	154	246
39	31	population's	1	3	171	350	246	330
39	32	gene	2	3	350	409	246	330
39	33	pool.	3	3	409	480	246	330
39	34	But	4	3	480	530	246	330
39	35	the	5	3	530	578	246	330
39	36	new	6	3	578	626	246	330
39	37	population's	7	3	626	782	246	330
39	38	culture	8	3	782	877	246	330
39	39	doesn't	9	3	877	974	246	330
39	40	necessarily	10	3	974	1119	246	330
39	41	change.	11	3	1119	1233	246	330
40	1	Police	1	1	171	277	70	154
40	2	in	2	1	277	314	70	154
40	3	Georgia	3	1	314	410	70	154
40	4	have	4	1	410	470	70	154
40	5	shut	5	1	470	530	70	154
40	6	down	6	1	530	590	70	154
40	7	a	7	1	590	614	70	154
40	8	lemonade	8	1	614	722	70	154
40	9	stand	9	1	722	795	70	154
40	10	run	10	1	795	842	70	154
40	11	by	11	1	842	879	70	154
40	12	three	12	1	879	950	70	154
40	13	girls	13	1	950	1022	70	154
40	14	trying	14	1	1022	1106	70	154
40	15	to	15	1	1106	1142	70	154
40	16	save	16	1	1142	1201	70	154
40	17	up	17	1	1201	1238	70	154
40	18	for	18	1	1238	1286	70	154
40	19	a	19	1	1286	1310	70	154
40	20	trip	20	1	1310	1393	70	154
40	21	to	1	2	172	230	154	246
40	22	a	2	2	230	253	154	246
40	23	water	3	2	253	326	154	246
40	24	"park,"	4	2	326	396	154	246
40	25	saying	5	2	396	482	154	246
40	26	they	6	2	482	542	154	246
40	27	didn't	7	2	542	626	154	246
40	28	have	8	2	626	686	154	246
40	29	a	9	2	686	710	154	246
40	30	business	10	2	710	818	154	246
40	31	license	11	2	818	914	154	246
40	32	or	12	2	914	950	154	246
40	33	the	13	2	950	998	154	246
40	34	required	14	2	998	1106	154	246
40	35	permits.	15	2	1106	1211	154	246
40	36	Morningstar	16	2	1211	1381	154	246
40	37	says	1	3	172	253	246	330
40	38	police	2	3	253	338	246	330
40	39	also	3	3	338	398	246	330
40	40	didn't	4	3	398	482	246	330
40	41	know	5	3	482	543	246	330
40	42	how	6	3	543	591	246	330
40	43	the	7	3	591	638	246	330
40	44	lemonade	8	3	638	745	246	330
40	45	was	9	3	745	793	246	330
40	46	made.	10	3	793	885	246	330
41	1	Research	1	1	170	302	70	154
41	2	showing	2	1	302	398	70	154
41	3	that	3	1	398	458	70	154
41	4	a	4	1	458	482	70	154
41	5	tiny	5	1	482	542	70	154
41	6	European	6	1	542	651	70	154
41	7	river	7	1	651	722	70	154
41	8	bug	8	1	722	770	70	154
41	9	called	9	1	770	854	70	154
41	10	the	10	1	854	901	70	154
41	11	water	11	1	901	974	70	154
41	12	boatman	12	1	974	1070	70	154
41	13	may	13	1	1070	1118	70	154
41	14	be	14	1	1118	1154	70	154
41	15	the	15	1	1154	1202	70	154
41	16	loudest	16	1	1202	1298	70	154
41	17	animal	17	1	1298	1405	70	154
41	18	on	1	2	172	230	154	246
41	19	earth	2	2	230	302	154	246
41	20	for	3	2	302	350	154	246
41	21	its	4	2	350	398	154	246
41	22	size	5	2	398	458	154	246
41	23	has	6	2	458	506	154	246
41	24	some	7	2	506	565	154	246
41	25	interesting	8	2	565	710	154	246
41	26	sidebars.	9	2	710	828	154	246
41	27	The	10	2	828	877	154	246
41	28	insect	11	2	877	962	154	246
41	29	is	12	2	962	998	154	246
41	30	just	13	2	998	1058	154	246
41	31	two	14	2	1058	1106	154	246
41	32	millimeters	15	2	1106	1250	154	246
41	33	long	16	2	1250	1310	154	246
41	34	and	17	2	1310	1381	154	246
41	35	yet	1	3	170	242	246	330
41	36	produces	2	3	242	350	246	330
41	37	an	3	3	350	386	246	330
41	38	underwater	4	3	386	518	246	330
41	39	call	5	3	518	578	246	330
41	40	that	6	3	578	638	246	330
41	41	has	7	3	638	685	246	330
41	42	been	8	3	685	746	246	330
41	43	measured	9	3	746	854	246	330
41	44	at	10	3	854	890	246	330
41	45	99.2	11	3	890	949	246	330
41	46	decibels.	12	3	949	1089	246	330
42	1	There	1	1	171	266	70	154
42	2	often	2	1	266	338	70	154
42	3	seems	3	1	338	410	70	154
42	4	to	4	1	410	446	70	154
42	5	be	5	1	446	481	70	154
42	6	more	6	1	481	541	70	154
42	7	diving	7	1	541	625	70	154
42	8	in	8	1	625	662	70	154
42	9	soccer	9	1	662	746	70	154
42	10	than	10	1	746	806	70	154
42	11	in	11	1	806	842	70	154
42	12	the	12	1	842	890	70	154
42	13	Summer	13	1	890	974	70	154
42	14	Olympics.	14	1	974	1092	70	154
42	15	Phantom	15	1	1092	1191	70	154
42	16	"contact,"	16	1	1191	1296	70	154
42	17	or	17	1	1296	1334	70	154
42	18	the	18	1	1334	1404	70	154
42	19	slightest	1	2	172	314	154	246
42	20	"collision,"	2	2	314	444	154	246
42	21	can	3	2	444	494	154	246
42	22	lead	4	2	494	554	154	246
42	23	to	5	2	554	590	154	246
42	24	theatrical	6	2	590	722	154	246
42	25	belly	7	2	722	795	154	246
42	26	flops	8	2	795	866	154	246
42	27	and	9	2	866	914	154	246
42	28	exaggerated	10	2	914	1058	154	246
42	29	somersaults	11	2	1058	1201	154	246
42	30	by	12	2	1201	1238	154	246
42	31	players	13	2	1238	1356	154	246
42	32	deceptively	1	3	171	339	246	330
42	33	trying	2	3	339	422	246	330
42	34	to	3	3	422	458	246	330
42	35	draw	4	3	458	519	246	330
42	36	fouls	5	3	519	590	246	330
42	37	on	6	3	590	626	246	330
42	38	their	7	3	626	698	246	330
42	39	"opponents,"	8	3	698	828	246	330
42	40	kill	9	3	828	890	246	330
42	41	time	10	3	890	950	246	330
42	42	or	11	3	950	986	246	330
42	43	catch	12	3	986	1058	246	330
42	44	a	13	3	1058	1082	246	330
42	45	breather	14	3	1082	1189	246	330
42	46	when	15	3	1189	1250	246	330
42	47	tired.	16	3	1250	1353	246	330
43	1	Proper	1	1	171	277	70	154
43	2	ventilation	2	1	277	421	70	154
43	3	will	3	1	421	482	70	154
43	4	make	4	1	482	542	70	154
43	5	a	5	1	542	566	70	154
43	6	backdraft	6	1	566	686	70	154
43	7	less	7	1	686	746	70	154
43	8	likely.	8	1	746	840	70	154
43	9	Opening	9	1	840	938	70	154
43	10	a	10	1	938	963	70	154
43	11	room	11	1	963	1023	70	154
43	12	or	12	1	1023	1058	70	154
43	13	building	13	1	1058	1166	70	154
43	14	at	14	1	1166	1202	70	154
43	15	the	15	1	1202	1250	70	154
43	16	highest	16	1	1250	1369	70	154
43	17	point	1	2	171	266	154	246
43	18	allows	2	2	266	350	154	246
43	19	heated	3	2	350	434	154	246
43	20	gases	4	2	434	506	154	246
43	21	and	5	2	506	554	154	246
43	22	smoke	6	2	554	626	154	246
43	23	to	7	2	626	662	154	246
43	24	be	8	2	662	698	154	246
43	25	released	9	2	698	806	154	246
43	26	gradually.	10	2	806	935	154	246
43	27	"However,"	11	2	935	1044	154	246
43	28	suddenly	12	2	1044	1154	154	246
43	29	breaking	13	2	1154	1262	154	246
43	30	a	14	2	1262	1285	154	246
43	31	window	15	2	1285	1394	154	246
43	32	or	1	3	172	230	246	330
43	33	opening	2	3	230	326	246	330
43	34	a	3	3	326	350	246	330
43	35	door	4	3	350	410	246	330
43	36	is	5	3	410	446	246	330
43	37	a	6	3	446	470	246	330
43	38	"mistake,"	7	3	470	576	246	330
43	39	because	8	3	576	673	246	330
43	40	it	9	3	673	710	246	330
43	41	allows	10	3	710	794	246	330
43	42	oxygen	11	3	794	878	246	330
43	43	to	12	3	878	915	246	330
43	44	rush	13	3	915	974	246	330
43	45	"in,"	14	3	974	1020	246	330
43	46	causing	15	3	1020	1118	246	330
43	47	an	16	3	1118	1154	246	330
43	48	explosion.	17	3	1154	1305	246	330
44	1	The	1	1	170	241	70	154
44	2	first	2	1	241	314	70	154
44	3	step	3	1	314	374	70	154
44	4	to	4	1	374	410	70	154
44	5	be	5	1	410	446	70	154
44	6	taken	6	1	446	518	70	154
44	7	in	7	1	518	554	70	154
44	8	studying	8	1	554	662	70	154
44	9	the	9	1	662	710	70	154
44	10	history	10	1	710	807	70	154
44	11	of	11	1	807	842	70	154
44	12	our	12	1	842	890	70	154
44	13	country	13	1	890	986	70	154
44	14	is	14	1	986	1022	70	154
44	15	to	15	1	1022	1058	70	154
44	16	form	16	1	1058	1119	70	154
44	17	some	17	1	1119	1178	70	154
44	18	clear	18	1	1178	1250	70	154
44	19	and	19	1	1250	1298	70	154
44	20	proper	20	1	1298	1405	70	154
44	21	conception	1	2	172	326	154	246
44	22	of	2	2	326	362	154	246
44	23	the	3	2	362	410	154	246
44	24	characteristics	4	2	410	602	154	246
44	25	and	5	2	602	650	154	246
44	26	condition	6	2	650	770	154	246
44	27	of	7	2	770	806	154	246
44	28	the	8	2	806	854	154	246
44	29	territory	9	2	854	974	154	246
44	30	which	10	2	974	1046	154	246
44	31	is	11	2	1046	1082	154	246
44	32	now	12	2	1082	1131	154	246
44	33	occupied	13	2	1131	1238	154	246
44	34	by	14	2	1238	1275	154	246
44	35	the	15	2	1275	1344	154	246
44	36	American	1	3	170	302	246	330
44	37	"people,"	2	3	302	396	246	330
44	38	as	3	3	396	433	246	330
44	39	it	4	3	433	470	246	330
44	40	existed	5	3	470	565	246	330
44	41	when	6	3	565	626	246	330
44	42	first	7	3	626	698	246	330
44	43	discovered	8	3	698	830	246	330
44	44	and	9	3	830	878	246	330
44	45	explored	10	3	878	986	246	330
44	46	by	11	3	986	1022	246	330
44	47	Europeans.	12	3	1022	1173	246	330
45	1	Susan	1	1	172	266	70	153
45	2	B.	2	1	266	299	70	153
45	3	Anthony	3	1	299	399	70	153
45	4	spent	4	1	399	470	70	153
45	5	nearly	5	1	470	555	70	153
45	6	sixty	6	1	555	626	70	153
45	7	years	7	1	626	698	70	153
45	8	of	8	1	698	734	70	153
45	9	her	9	1	734	782	70	153
45	10	life	10	1	782	841	70	153
45	11	devoted	11	1	841	938	70	153
45	12	to	12	1	938	974	70	153
45	13	the	13	1	974	1022	70	153
45	14	cause	14	1	1022	1094	70	153
45	15	of	15	1	1094	1130	70	153
45	16	social	16	1	1130	1214	70	153
45	17	justice	17	1	1214	1310	70	153
45	18	and	18	1	1310	1381	70	153
45	19	equality	1	2	172	303	153	246
45	20	for	2	2	303	350	153	246
45	21	all.	3	2	350	407	153	246
45	22	Her	4	2	407	458	153	246
45	23	major	5	2	458	530	153	246
45	24	contributions	6	2	530	697	153	246
45	25	were	7	2	697	758	153	246
45	26	focused	8	2	758	854	153	246
45	27	on	9	2	854	889	153	246
45	28	women?s	10	2	889	986	153	246
45	29	rights.	11	2	986	1079	153	246
45	30	Her	12	2	1079	1130	153	246
45	31	primary	13	2	1130	1227	153	246
45	32	achievement	14	2	1227	1393	153	246
45	33	lay	1	3	172	242	246	330
45	34	in	2	3	242	278	246	330
45	35	her	3	3	278	326	246	330
45	36	inspiration	4	3	326	470	246	330
45	37	and	5	3	470	518	246	330
45	38	influence	6	3	518	638	246	330
45	39	of	7	3	638	674	246	330
45	40	thousands	8	3	674	794	246	330
45	41	of	9	3	794	830	246	330
45	42	people	10	3	830	913	246	330
45	43	promoting	11	3	913	1034	246	330
45	44	the	12	3	1034	1082	246	330
45	45	right	13	3	1082	1154	246	330
45	46	of	14	3	1154	1189	246	330
45	47	women	15	3	1189	1262	246	330
45	48	to	16	3	1262	1297	246	330
45	49	vote.	17	3	1297	1389	246	330
46	1	As	1	1	170	229	70	154
46	2	Earth	2	1	229	301	70	154
46	3	warms	3	1	301	373	70	154
46	4	due	4	1	373	422	70	154
46	5	to	5	1	422	458	70	154
46	6	the	6	1	458	506	70	154
46	7	human-caused	7	1	506	663	70	154
46	8	release	8	1	663	758	70	154
46	9	of	9	1	758	794	70	154
46	10	heat-trapping	10	1	794	962	70	154
46	11	gases	11	1	962	1033	70	154
46	12	into	12	1	1033	1094	70	154
46	13	the	13	1	1094	1142	70	154
46	14	"atmosphere,"	14	1	1142	1284	70	154
46	15	frozen	15	1	1284	1393	70	154
46	16	Arctic	1	2	170	278	154	245
46	17	soils	2	2	278	350	154	245
46	18	also	3	2	350	409	154	245
46	19	"warm,"	4	2	409	480	154	245
46	20	thaw	5	2	480	543	154	245
46	21	and	6	2	543	591	154	245
46	22	release	7	2	591	685	154	245
46	23	more	8	2	685	746	154	245
46	24	carbon	9	2	746	830	154	245
46	25	dioxide.	10	2	830	936	154	245
46	26	The	11	2	936	986	154	245
46	27	added	12	2	986	1058	154	245
46	28	carbon	13	2	1058	1142	154	245
46	29	dioxide	14	2	1142	1238	154	245
46	30	accelerates	15	2	1238	1404	154	245
46	31	Earth's	1	3	171	289	245	338
46	32	"warming,"	2	3	289	395	245	338
46	33	which	3	3	395	470	245	338
46	34	further	4	3	470	566	245	338
46	35	accelerates	5	3	566	710	245	338
46	36	the	6	3	710	758	245	338
46	37	thawing	7	3	758	854	245	338
46	38	of	8	3	854	889	245	338
46	39	Arctic	9	3	889	974	245	338
46	40	soils	10	3	974	1046	245	338
46	41	and	11	3	1046	1094	245	338
46	42	the	12	3	1094	1142	245	338
46	43	release	13	3	1142	1238	245	338
46	44	of	14	3	1238	1274	245	338
46	45	even	15	3	1274	1334	245	338
46	46	more	16	3	1334	1416	245	338
46	47	carbon	1	4	172	278	338	418
46	48	dioxide.	2	4	278	405	338	418
47	1	"Unfortunately,"	1	1	171	372	70	154
47	2	for	2	1	372	422	70	154
47	3	every	3	1	422	495	70	154
47	4	six	4	1	495	541	70	154
47	5	water	5	1	541	614	70	154
47	6	bottles	6	1	614	709	70	154
47	7	we	7	1	709	745	70	154
47	8	"use,"	8	1	745	804	70	154
47	9	only	9	1	804	867	70	154
47	10	one	10	1	867	913	70	154
47	11	makes	11	1	913	985	70	154
47	12	it	12	1	985	1022	70	154
47	13	to	13	1	1022	1058	70	154
47	14	the	14	1	1058	1106	70	154
47	15	recycling	15	1	1106	1225	70	154
47	16	bin.	16	1	1225	1284	70	154
47	17	The	17	1	1284	1334	70	154
47	18	rest	18	1	1334	1417	70	154
47	19	are	1	2	172	242	154	246
47	20	sent	2	2	242	302	154	246
47	21	to	3	2	302	338	154	246
47	22	landfills	4	2	338	458	154	246
47	23	"or,"	5	2	458	504	154	246
47	24	even	6	2	504	565	154	246
47	25	"worse,"	7	2	565	648	154	246
47	26	they	8	2	648	711	154	246
47	27	end	9	2	711	758	154	246
47	28	up	10	2	758	794	154	246
47	29	as	11	2	794	830	154	246
47	30	trash	12	2	830	902	154	246
47	31	on	13	2	902	938	154	246
47	32	the	14	2	938	986	154	246
47	33	land	15	2	986	1046	154	246
47	34	and	16	2	1046	1094	154	246
47	35	in	17	2	1094	1131	154	246
47	36	"rivers,"	18	2	1131	1224	154	246
47	37	"lakes,"	19	2	1224	1308	154	246
47	38	and	20	2	1308	1381	154	246
47	39	the	1	3	172	242	246	330
47	40	ocean.	2	3	242	324	246	330
47	41	Plastic	3	3	324	422	246	330
47	42	bottles	4	3	422	518	246	330
47	43	take	5	3	518	577	246	330
47	44	many	6	3	577	639	246	330
47	45	hundreds	7	3	639	746	246	330
47	46	of	8	3	746	781	246	330
47	47	years	9	3	781	854	246	330
47	48	to	10	3	854	890	246	330
47	49	disintegrate.	11	3	890	1077	246	330
48	1	As	1	1	170	229	70	154
48	2	in	2	1	229	266	70	154
48	3	the	3	1	266	313	70	154
48	4	United	4	1	313	398	70	154
48	5	"States,"	5	1	398	492	70	154
48	6	Colombian	6	1	492	614	70	154
48	7	legislation	7	1	614	759	70	154
48	8	requires	8	1	759	866	70	154
48	9	travelers	9	1	866	986	70	154
48	10	entering	10	1	986	1094	70	154
48	11	the	11	1	1094	1142	70	154
48	12	country	12	1	1142	1239	70	154
48	13	to	13	1	1239	1274	70	154
48	14	declare	14	1	1274	1392	70	154
48	15	cash	1	2	172	254	154	246
48	16	in	2	2	254	290	154	246
48	17	excess	3	2	290	374	154	246
48	18	of	4	2	374	410	154	246
48	19	ten	5	2	410	458	154	246
48	20	thousand	6	2	458	566	154	246
48	21	dollars.	7	2	566	672	154	246
48	22	Concealing	8	2	672	805	154	246
48	23	more	9	2	805	866	154	246
48	24	than	10	2	866	926	154	246
48	25	that	11	2	926	986	154	246
48	26	amount	12	2	986	1070	154	246
48	27	to	13	2	1070	1106	154	246
48	28	transport	14	2	1106	1226	154	246
48	29	it	15	2	1226	1262	154	246
48	30	into	16	2	1262	1322	154	246
48	31	or	17	2	1322	1381	154	246
48	32	out	1	3	172	242	246	330
48	33	of	2	3	242	278	246	330
48	34	the	3	3	278	326	246	330
48	35	country	4	3	326	422	246	330
48	36	is	5	3	422	458	246	330
48	37	a	6	3	458	482	246	330
48	38	crime	7	3	482	553	246	330
48	39	punishable	8	3	553	685	246	330
48	40	by	9	3	685	722	246	330
48	41	up	10	3	722	758	246	330
48	42	to	11	3	758	794	246	330
48	43	five	12	3	794	853	246	330
48	44	years	13	3	853	925	246	330
48	45	in	14	3	925	962	246	330
48	46	prison	15	3	962	1046	246	330
48	47	in	16	3	1046	1082	246	330
48	48	the	17	3	1082	1129	246	330
48	49	United	18	3	1129	1214	246	330
48	50	States.	19	3	1214	1329	246	330
49	1	For	1	1	171	242	70	154
49	2	"centuries,"	2	1	242	372	70	154
49	3	time	3	1	372	433	70	154
49	4	was	4	1	433	481	70	154
49	5	measured	5	1	481	590	70	154
49	6	by	6	1	590	627	70	154
49	7	the	7	1	627	673	70	154
49	8	position	8	1	673	782	70	154
49	9	of	9	1	782	818	70	154
49	10	the	10	1	818	866	70	154
49	11	sun	11	1	866	913	70	154
49	12	with	12	1	913	974	70	154
49	13	the	13	1	974	1021	70	154
49	14	use	14	1	1021	1070	70	154
49	15	of	15	1	1070	1106	70	154
49	16	sundials.	16	1	1106	1223	70	154
49	17	Noon	17	1	1223	1285	70	154
49	18	was	18	1	1285	1356	70	154
49	19	recognized	1	2	173	325	154	246
49	20	when	2	2	325	386	154	246
49	21	the	3	2	386	434	154	246
49	22	sun	4	2	434	481	154	246
49	23	was	5	2	481	530	154	246
49	24	the	6	2	530	578	154	246
49	25	highest	7	2	578	674	154	246
49	26	in	8	2	674	710	154	246
49	27	the	9	2	710	758	154	246
49	28	"sky,"	10	2	758	816	154	246
49	29	and	11	2	816	866	154	246
49	30	cities	12	2	866	949	154	246
49	31	would	13	2	949	1022	154	246
49	32	set	14	2	1022	1070	154	246
49	33	their	15	2	1070	1142	154	246
49	34	clock	16	2	1142	1214	154	246
49	35	by	17	2	1214	1251	154	246
49	36	this	18	2	1251	1332	154	246
49	37	apparent	1	3	172	302	246	330
49	38	solar	2	3	302	374	246	330
49	39	"time,"	3	3	374	444	246	330
49	40	even	4	3	444	506	246	330
49	41	though	5	3	506	590	246	330
49	42	some	6	3	590	650	246	330
49	43	cities	7	3	650	733	246	330
49	44	would	8	3	733	806	246	330
49	45	often	9	3	806	878	246	330
49	46	be	10	3	878	914	246	330
49	47	on	11	3	914	950	246	330
49	48	a	12	3	950	974	246	330
49	49	slightly	13	3	974	1082	246	330
49	50	different	14	3	1082	1202	246	330
49	51	time.	15	3	1202	1293	246	330
50	1	When	1	1	170	254	70	154
50	2	the	2	1	254	302	70	154
50	3	new	3	1	302	350	70	154
50	4	world	4	1	350	421	70	154
50	5	was	5	1	421	470	70	154
50	6	first	6	1	470	542	70	154
50	7	discovered	7	1	542	674	70	154
50	8	it	8	1	674	709	70	154
50	9	was	9	1	709	758	70	154
50	10	found	10	1	758	830	70	154
50	11	to	11	1	830	866	70	154
50	12	"be,"	12	1	866	912	70	154
50	13	like	13	1	912	974	70	154
50	14	the	14	1	974	1022	70	154
50	15	"old,"	15	1	1022	1079	70	154
50	16	well	16	1	1079	1142	70	154
50	17	stocked	17	1	1142	1237	70	154
50	18	with	18	1	1237	1298	70	154
50	19	plants	19	1	1298	1404	70	154
50	20	and	1	2	172	242	154	246
50	21	"animals,"	2	2	242	348	154	246
50	22	and	3	2	348	398	154	246
50	23	inhabited	4	2	398	518	154	246
50	24	by	5	2	518	555	154	246
50	25	a	6	2	555	578	154	246
50	26	great	7	2	578	650	154	246
50	27	many	8	2	650	711	154	246
50	28	tribes	9	2	711	794	154	246
50	29	and	10	2	794	842	154	246
50	30	nations	11	2	842	938	154	246
50	31	of	12	2	938	974	154	246
50	32	men;	13	2	974	1032	154	246
50	33	and	14	2	1032	1081	154	246
50	34	yet	15	2	1081	1130	154	246
50	35	the	16	2	1130	1177	154	246
50	36	plants	17	2	1177	1262	154	246
50	37	and	18	2	1262	1333	154	246
50	38	"animals,"	1	3	172	300	246	330
50	39	if	2	3	300	338	246	330
50	40	not	3	3	338	386	246	330
50	41	the	4	3	386	433	246	330
50	42	"men,"	5	3	433	491	246	330
50	43	were	6	3	491	554	246	330
50	44	all	7	3	554	602	246	330
50	45	essentially	8	3	602	746	246	330
50	46	different	9	3	746	866	246	330
50	47	from	10	3	866	927	246	330
50	48	those	11	3	927	998	246	330
50	49	known	12	3	998	1070	246	330
50	50	in	13	3	1070	1106	246	330
50	51	the	14	3	1106	1154	246	330
50	52	old	15	3	1154	1201	246	330
50	53	world.	16	3	1201	1305	246	330
51	1	American	1	1	170	302	70	154
51	2	industry	2	1	302	410	70	154
51	3	may	3	1	410	459	70	154
51	4	not	4	1	459	506	70	154
51	5	know	5	1	506	566	70	154
51	6	"it,"	6	1	566	612	70	154
51	7	but	7	1	612	662	70	154
51	8	debate	8	1	662	745	70	154
51	9	in	9	1	745	782	70	154
51	10	Congress	10	1	782	890	70	154
51	11	over	11	1	890	951	70	154
51	12	reforming	12	1	951	1070	70	154
51	13	the	13	1	1070	1118	70	154
51	14	federal	14	1	1118	1214	70	154
51	15	government's	15	1	1214	1392	70	154
51	16	regulatory	1	2	173	327	154	246
51	17	apparatus	2	2	327	445	154	246
51	18	may	3	2	445	494	154	246
51	19	profoundly	4	2	494	626	154	246
51	20	improve	5	2	626	722	154	246
51	21	companies'	6	2	722	852	154	246
51	22	ability	7	2	852	951	154	246
51	23	to	8	2	951	986	154	246
51	24	survive.	9	2	986	1092	154	246
51	25	This	10	2	1092	1153	154	246
51	26	week	11	2	1153	1214	154	246
51	27	the	12	2	1214	1262	154	246
51	28	Senate	13	2	1262	1368	154	246
51	29	seems	1	3	172	265	246	338
51	30	poised	2	3	265	350	246	338
51	31	to	3	3	350	386	246	338
51	32	join	4	3	386	446	246	338
51	33	the	5	3	446	493	246	338
51	34	House	6	3	493	565	246	338
51	35	in	7	3	565	602	246	338
51	36	a	8	3	602	626	246	338
51	37	massive	9	3	626	722	246	338
51	38	overhaul	10	3	722	830	246	338
51	39	of	11	3	830	866	246	338
51	40	the	12	3	866	913	246	338
51	41	way	13	3	913	962	246	338
51	42	in	14	3	962	997	246	338
51	43	which	15	3	997	1070	246	338
51	44	bureaucrats	16	3	1070	1214	246	338
51	45	enact	17	3	1214	1309	246	338
51	46	regulations	1	4	173	338	338	422
51	47	that	2	4	338	398	338	422
51	48	are	3	4	398	446	338	422
51	49	strangling	4	4	446	578	338	422
51	50	the	5	4	578	626	338	422
51	51	life	6	4	626	686	338	422
51	52	out	7	4	686	734	338	422
51	53	of	8	4	734	770	338	422
51	54	companies.	9	4	770	921	338	422
52	1	Stress	1	1	172	277	70	154
52	2	is	2	1	277	314	70	154
52	3	a	3	1	314	339	70	154
52	4	risk	4	1	339	398	70	154
52	5	factor	5	1	398	482	70	154
52	6	for	6	1	482	530	70	154
52	7	both	7	1	530	590	70	154
52	8	depression	8	1	590	722	70	154
52	9	and	9	1	722	770	70	154
52	10	"anxiety,"	10	1	770	876	70	154
52	11	he	11	1	876	914	70	154
52	12	says.	12	1	914	984	70	154
52	13	We	13	1	984	1033	70	154
52	14	don't	14	1	1033	1106	70	154
52	15	have	15	1	1106	1165	70	154
52	16	data	16	1	1165	1226	70	154
52	17	on	17	1	1226	1262	70	154
52	18	the	18	1	1262	1332	70	154
52	19	specific	1	2	172	302	154	246
52	20	causes	2	2	302	386	154	246
52	21	of	3	2	386	422	154	246
52	22	depression	4	2	422	554	154	246
52	23	and	5	2	554	602	154	246
52	24	anxiety	6	2	602	698	154	246
52	25	in	7	2	698	734	154	246
52	26	this	8	2	734	794	154	246
52	27	"sample,"	9	2	794	888	154	246
52	28	but	10	2	888	938	154	246
52	29	it	11	2	938	974	154	246
52	30	does	12	2	974	1033	154	246
52	31	make	13	2	1033	1094	154	246
52	32	sense	14	2	1094	1166	154	246
52	33	scientifically	15	2	1166	1370	154	246
52	34	that	1	3	172	254	246	338
52	35	the	2	3	254	301	246	338
52	36	Millennials	3	3	301	445	246	338
52	37	who	4	3	445	495	246	338
52	38	report	5	3	495	578	246	338
52	39	higher	6	3	578	662	246	338
52	40	levels	7	3	662	746	246	338
52	41	of	8	3	746	782	246	338
52	42	stress	9	3	782	865	246	338
52	43	in	10	3	865	902	246	338
52	44	their	11	3	902	974	246	338
52	45	lives	12	3	974	1046	246	338
52	46	are	13	3	1046	1094	246	338
52	47	also	14	3	1094	1155	246	338
52	48	reporting	15	3	1155	1274	246	338
52	49	higher	16	3	1274	1381	246	338
52	50	levels	1	4	172	278	338	422
52	51	of	2	4	278	314	338	422
52	52	depression	3	4	314	446	338	422
52	53	and	4	4	446	494	338	422
52	54	anxiety.	5	4	494	621	338	422
53	1	When	1	1	170	254	70	154
53	2	it	2	1	254	290	70	154
53	3	comes	3	1	290	362	70	154
53	4	to	4	1	362	398	70	154
53	5	having	5	1	398	482	70	154
53	6	a	6	1	482	506	70	154
53	7	lasting	7	1	506	602	70	154
53	8	and	8	1	602	650	70	154
53	9	fulfilling	9	1	650	782	70	154
53	10	"relationship,"	10	1	782	948	70	154
53	11	common	11	1	948	1033	70	154
53	12	wisdom	12	1	1033	1119	70	154
53	13	says	13	1	1119	1178	70	154
53	14	that	14	1	1178	1238	70	154
53	15	feeling	15	1	1238	1356	70	154
53	16	close	1	2	172	266	154	246
53	17	to	2	2	266	301	154	246
53	18	your	3	2	301	363	154	246
53	19	romantic	4	2	363	470	154	246
53	20	partner	5	2	470	566	154	246
53	21	is	6	2	566	601	154	246
53	22	paramount.	7	2	601	732	154	246
53	23	But	8	2	732	782	154	246
53	24	a	9	2	782	806	154	246
53	25	new	10	2	806	855	154	246
53	26	study	11	2	855	927	154	246
53	27	finds	12	2	927	998	154	246
53	28	that	13	2	998	1058	154	246
53	29	it's	14	2	1058	1118	154	246
53	30	not	15	2	1118	1166	154	246
53	31	how	16	2	1166	1215	154	246
53	32	close	17	2	1215	1285	154	246
53	33	you	18	2	1285	1334	154	246
53	34	feel	19	2	1334	1417	154	246
53	35	that	1	3	172	254	246	338
53	36	matters	2	3	254	349	246	338
53	37	"most,"	3	3	349	420	246	338
53	38	it's	4	3	420	481	246	338
53	39	whether	5	3	481	577	246	338
53	40	you	6	3	577	626	246	338
53	41	are	7	3	626	674	246	338
53	42	as	8	3	674	710	246	338
53	43	close	9	3	710	782	246	338
53	44	as	10	3	782	817	246	338
53	45	you	11	3	817	865	246	338
53	46	want	12	3	865	926	246	338
53	47	to	13	3	926	962	246	338
53	48	"be,"	14	3	962	1008	246	338
53	49	even	15	3	1008	1070	246	338
53	50	if	16	3	1070	1106	246	338
53	51	that's	17	3	1106	1190	246	338
53	52	really	18	3	1190	1275	246	338
53	53	not	19	3	1275	1322	246	338
53	54	close	20	3	1322	1416	246	338
53	55	at	1	4	172	230	338	418
53	56	all.	2	4	230	309	338	418
54	1	At	1	1	170	230	69	153
54	2	the	2	1	230	278	69	153
54	3	time	3	1	278	338	69	153
54	4	the	4	1	338	385	69	153
54	5	French	5	1	385	470	69	153
54	6	crown	6	1	470	542	69	153
54	7	secured	7	1	542	638	69	153
54	8	much	8	1	638	698	69	153
54	9	of	9	1	698	734	69	153
54	10	its	10	1	734	782	69	153
54	11	revenue	11	1	782	877	69	153
54	12	by	12	1	877	914	69	153
54	13	issuing	13	1	914	1010	69	153
54	14	government	14	1	1010	1142	69	153
54	15	bonds.	15	1	1142	1224	69	153
54	16	In	16	1	1224	1262	69	153
54	17	"1727,"	17	1	1262	1332	69	153
54	18	in	18	1	1332	1393	69	153
54	19	order	1	2	172	266	153	246
54	20	to	2	2	266	302	153	246
54	21	save	3	2	302	361	153	246
54	22	"money,"	4	2	361	444	153	246
54	23	the	5	2	444	494	153	246
54	24	state	6	2	494	566	153	246
54	25	cut	7	2	566	614	153	246
54	26	the	8	2	614	661	153	246
54	27	bonds?	9	2	661	746	153	246
54	28	interest	10	2	746	855	153	246
54	29	rate.	11	2	855	924	153	246
54	30	The	12	2	924	973	153	246
54	31	market	13	2	973	1057	153	246
54	32	value	14	2	1057	1130	153	246
54	33	of	15	2	1130	1166	153	246
54	34	these	16	2	1166	1237	153	246
54	35	bonds	17	2	1237	1332	153	246
54	36	"plummeted,"	1	3	171	324	246	338
54	37	and	2	3	324	374	246	338
54	38	the	3	3	374	421	246	338
54	39	market	4	3	421	506	246	338
54	40	became	5	3	506	589	246	338
54	41	wary	6	3	589	651	246	338
54	42	of	7	3	651	686	246	338
54	43	French	8	3	686	770	246	338
54	44	credit.	9	3	770	864	246	338
54	45	The	10	3	864	913	246	338
54	46	French	11	3	913	998	246	338
54	47	state	12	3	998	1069	246	338
54	48	was	13	3	1069	1118	246	338
54	49	left	14	3	1118	1177	246	338
54	50	without	15	3	1177	1274	246	338
54	51	an	16	3	1274	1310	246	338
54	52	easy	17	3	1310	1394	246	338
54	53	way	1	4	170	243	338	422
54	54	of	2	4	243	279	338	422
54	55	raising	3	4	279	373	338	422
54	56	money.	4	4	373	477	338	422
55	1	Voltaire	1	1	170	302	70	154
55	2	himself	2	1	302	398	70	154
55	3	probably	3	1	398	506	70	154
55	4	won	4	1	506	554	70	154
55	5	around	5	1	554	638	70	154
55	6	half	6	1	638	698	70	154
55	7	a	7	1	698	722	70	154
55	8	million	8	1	722	818	70	154
55	9	livres--a	9	1	818	938	70	154
55	10	large	10	1	938	1010	70	154
55	11	"fortune,"	11	1	1010	1115	70	154
55	12	which	12	1	1115	1190	70	154
55	13	he	13	1	1190	1226	70	154
55	14	then	14	1	1226	1286	70	154
55	15	made	15	1	1286	1368	70	154
55	16	even	1	2	172	254	154	246
55	17	larger	2	2	254	338	154	246
55	18	in	3	2	338	374	154	246
55	19	a	4	2	374	398	154	246
55	20	series	5	2	398	482	154	246
55	21	of	6	2	482	518	154	246
55	22	canny	7	2	518	590	154	246
55	23	investments.	8	2	590	744	154	246
55	24	Soon	9	2	744	805	154	246
55	25	Voltaire	10	2	805	913	154	246
55	26	was	11	2	913	962	154	246
55	27	a	12	2	962	985	154	246
55	28	very	13	2	985	1047	154	246
55	29	rich	14	2	1047	1106	154	246
55	30	"man,"	15	2	1106	1165	154	246
55	31	rich	16	2	1165	1226	154	246
55	32	enough	17	2	1226	1310	154	246
55	33	to	18	2	1310	1369	154	246
55	34	become	1	3	171	278	246	338
55	35	a	2	3	278	302	246	338
55	36	moneylender	3	3	302	446	246	338
55	37	to	4	3	446	482	246	338
55	38	the	5	3	482	529	246	338
55	39	powerful	6	3	529	638	246	338
55	40	and	7	3	638	686	246	338
55	41	"famous,"	8	3	686	781	246	338
55	42	rich	9	3	781	842	246	338
55	43	enough	10	3	842	926	246	338
55	44	that	11	3	926	986	246	338
55	45	he	12	3	986	1022	246	338
55	46	no	13	3	1022	1058	246	338
55	47	longer	14	3	1058	1142	246	338
55	48	had	15	3	1142	1190	246	338
55	49	to	16	3	1190	1226	246	338
55	50	stake	17	3	1226	1298	246	338
55	51	his	18	3	1298	1368	246	338
55	52	financial	1	4	172	313	338	422
55	53	well-being	2	4	313	446	338	422
55	54	on	3	4	446	482	338	422
55	55	that	4	4	482	542	338	422
55	56	most	5	4	542	602	338	422
55	57	unreliable	6	4	602	734	338	422
55	58	and	7	4	734	782	338	422
55	59	detestable	8	4	782	913	338	422
55	60	profession--writing.	9	4	913	1185	338	422